time,seconds_elapsed,z,y,x
1733902661625033000,0.034032958984375,2.240627885991335,1.72448716635257,0.3756936996810138
1733902661635059700,0.044059814453125,1.9957079535156488,1.7825348661735654,0.5146276116620749
1733902661645086700,0.054086669921875,1.7690356253921984,1.9037249586060643,0.2909530771151185
1733902661655113700,0.06411376953125,1.937071640151739,2.298349422597885,-0.004980820619873702
1733902661665139700,0.0741396484375,2.4971394720613955,2.6650442616567016,0.16593666786011307
1733902661675166700,0.084166748046875,2.1146634187638758,2.4926789855211973,0.37561650625895704
1733902661685193700,0.09419384765625,1.7183084777176378,2.36149853721112,0.2665634263439104
1733902661695220700,0.104220703125,1.6814269000440836,2.534639766155183,0.3012192542593926
1733902661705246700,0.114246826171875,1.6208850453197956,2.933939820742607,0.4858980319904163
1733902661715274000,0.12427392578125,1.6554712055325507,3.2411049047291276,0.35050650532394645
1733902661725300700,0.13430078125,1.6856401338249445,3.1027012271672487,0.09460282201915979
1733902661735327700,0.14432763671875,1.669967348396778,3.0639947721540928,0.09084010848477482
1733902661745353700,0.154353759765625,1.8203087165117262,3.1071862636268137,0.017554434456303714
1733902661755381000,0.164381103515625,1.9160107319444417,3.0058576404839754,0.24459541322905567
1733902661765407700,0.17440771484375,2.119139102873206,2.864488098853826,0.16293222534712404
1733902661775434800,0.184434814453125,2.1415905886560678,2.6336469606131314,0.051390616551972926
1733902661785460700,0.194460693359375,2.1259832696795464,2.629903097909689,0.48769602132309225
1733902661795488000,0.204488037109375,1.9784832624703645,2.7635236328482624,0.6195310976170003
1733902661805514800,0.2145146484375,1.8804156869500874,2.886839631393552,0.28775844579227267
1733902661815541800,0.224541748046875,1.8821885418415067,3.0903923652142287,-0.32768351934757084
1733902661825567700,0.234567626953125,1.6461135946005583,3.3636563486427065,-0.6101113812342286
1733902661835595000,0.244594970703125,1.406567171856761,3.6369659247785804,-0.6056472414322197
1733902661845621800,0.254621826171875,1.1349486175477503,3.6469776157051323,-0.7354200149014591
1733902661855648800,0.264648681640625,0.8028004834741354,3.4809003337979316,-0.6417761741075665
1733902661865674800,0.2746748046875,0.6075654961436987,3.427680784785747,-0.36794688494652505
1733902661875702000,0.284701904296875,0.40708442485332486,3.280146290785074,-0.30584172642827034
1733902661885728800,0.294728759765625,0.20078677623867988,3.1256577398627994,-0.35996114688962694
1733902661895755800,0.304755859375,0.08378945932090281,2.7919992012262345,-0.11666404810911044
1733902661905781800,0.31478173828125,-0.3365601052969694,2.193865550294518,0.29287836435558273
1733902661915808800,0.324808837890625,-0.8494920920222997,1.5626035367429256,0.4934337977901101
1733902661925835800,0.334835693359375,-0.5881862574130297,1.5435761801898478,0.9011510406542569
1733902661935862800,0.34486279296875,-0.22040888381451368,1.4787316598355769,1.2360622827656567
1733902661945888800,0.354888671875,-0.14682137729525566,1.1153951912939548,1.2057996848404406
1733902661955915800,0.364915771484375,-0.01650719042569399,1.0332073219507931,1.1341313098154961
1733902661965942800,0.37494287109375,-0.06990472635328769,1.2746224611759185,0.9852130333062261
1733902661975969800,0.3849697265625,-0.07738251488804816,1.7482786685675382,0.8271274808052926
1733902661985995800,0.394995849609375,-0.5081473827973008,1.6932734051823615,0.5055534207813441
1733902661996022800,0.405022705078125,-0.8575210846990347,1.840842970496416,0.5450324676021934
1733902662006049800,0.4150498046875,-1.059629172669351,1.7946949673056602,0.45925917752031237
1733902662016075800,0.42507568359375,-1.1542661892190575,1.5166121854186057,0.5454818188048899
1733902662026102800,0.435102783203125,-1.245544981382042,1.0700795472741127,0.7374694947771727
1733902662036129800,0.4451298828125,-1.445521171890199,0.39759062032103537,0.6340366658966988
1733902662046156800,0.45515673828125,-1.6132022357322275,0.14328385081887243,0.36056437347978354
1733902662056182800,0.465182861328125,-2.083941971155256,0.3131330524802208,-0.3872080502554774
1733902662066209800,0.475209716796875,-2.5991817964315413,0.19547639487087726,-1.0322842888217418
1733902662076236800,0.48523681640625,-2.879915969610214,0.043693011254072184,-0.5482161391396075
1733902662086263800,0.495263916015625,-3.0653111154496666,-0.04026303680539131,0.43029103985242545
1733902662096289800,0.505289794921875,-3.0234909123301503,-0.20689152285456655,0.9567351999059319
1733902662106316800,0.51531689453125,-3.057256403809786,-0.1893792470395565,1.499224412766099
1733902662116343800,0.52534375,-3.3506898995637893,-0.5494499917834997,1.6637173480913041
1733902662126370800,0.535370849609375,-3.6757933758229013,-0.7590788306474685,1.9234682083435355
1733902662136396800,0.545396728515625,-3.498710131254792,-0.6279448518276214,2.0588538532584906
1733902662146423800,0.555423828125,-3.234325035330653,-0.6015928514748812,1.859627165943384
1733902662156450800,0.565450927734375,-3.070294164559245,-0.6087263566166162,1.4600358733244239
1733902662166477600,0.5754775390625,-3.0883032839804887,-0.6186480311721563,1.3696651359170675
1733902662176503800,0.58550390625,-3.1192122169852254,-0.6263438463717699,1.591876831369847
1733902662186530800,0.59553076171875,-3.268993613129854,-0.4951373868376016,1.7304928365081547
1733902662196557800,0.605557861328125,-3.594733633726835,-0.4213263006955385,1.8715012897409498
1733902662206584600,0.61558447265625,-3.7431478331714865,-0.5311866053402423,2.2255841922469437
1733902662216610800,0.62561083984375,-3.6246459569096565,-0.851837778365612,2.4795862797141073
1733902662226637800,0.635637939453125,-3.1719618103981015,-1.2292360900074242,2.876296025547385
1733902662236664800,0.645664794921875,-2.4154971077717837,-1.1775298681676387,3.4149951984748244
1733902662246692000,0.655692138671875,-1.8572060762763023,-1.004074750968814,3.2984833269864318
1733902662256718000,0.665718017578125,-1.7068991949528454,-1.1565998928636312,2.8328029207795855
1733902662266745000,0.6757451171875,-1.5241823284119367,-0.9138444449454546,2.737964536438882
1733902662276772000,0.685772216796875,-1.3556722663998604,-0.5740139396756887,2.3266376517102123
1733902662286798300,0.69579833984375,-1.3137906884819268,-0.11646423295438289,1.879839932888746
1733902662296825000,0.7058251953125,-1.329212129497528,0.4131956012099981,1.3476114172801374
1733902662306852000,0.71585205078125,-1.7842594980090856,0.793058257138729,0.6676832802370191
1733902662316879000,0.725879150390625,-2.6030098302870988,0.9516028054535388,-0.16268237877190111
1733902662326905000,0.735905029296875,-2.853593195351958,1.0470102218538522,-1.049129113703966
1733902662336932000,0.74593212890625,-2.374818329772353,1.4239835860818624,-1.4353659808397292
1733902662346959000,0.755958984375,-2.0197415939234196,2.0870734010487793,-1.266175243087113
1733902662356986000,0.765986083984375,-1.2904302711606026,2.209861576327681,-1.4284499178409575
1733902662367012000,0.77601220703125,-0.6944044061630964,2.125151495030522,-1.6250722678765654
1733902662377039000,0.7860390625,-0.5046791952300816,1.805131605646014,-1.1256930056855081
1733902662387066000,0.796066162109375,-1.1470020434349775,1.2137941907256842,-1.360796185284853
1733902662397093000,0.806093017578125,-1.5870990955740212,0.8763584716379642,-1.728172576867044
1733902662407119000,0.816119140625,-1.7135756039768457,1.20951256788373,-2.1602342065885662
1733902662417146000,0.82614599609375,-1.3599591499388217,1.8862866248100996,-2.400497837691009
1733902662427173000,0.836173095703125,-0.9560609539061784,2.288850357368588,-2.0956021599411963
1733902662437200100,0.8462001953125,-0.9193073865264654,2.1392133381307126,-1.8507731206193565
1733902662447226000,0.85622607421875,-1.5831050575017929,1.6071096179455517,-1.9097613161608575
1733902662457253000,0.866253173828125,-1.8021277476549147,1.1916951716423034,-2.342667872273922
1733902662467280100,0.876280029296875,0.14654316314207388,-1.4105752384543417,-1.6117863775849341
1733902662477306000,0.88630615234375,0.5187842198848724,-3.1186610128432513,0.2479971479639411
1733902662487333000,0.8963330078125,0.42075752436425534,-2.279998357871175,0.7638184263899922
1733902662497360100,0.906360107421875,1.0623860701620578,-0.4735545005828142,0.7790101503029465
1733902662507387100,0.91638720703125,0.9179542183518409,0.8760153572887182,0.5793854035809636
1733902662517413000,0.9264130859375,1.0546657050430774,1.3765233312487601,-0.23566899678856132
1733902662527440100,0.936440185546875,1.668479155665636,1.874896046745777,-0.5974459609284997
1733902662537467100,0.946467041015625,1.5232346722982824,3.2661656962275503,0.3215089588984847
1733902662547494100,0.956494140625,1.0569606841124595,2.4343887091159817,2.222090212651342
1733902662557520100,0.96652001953125,0.42637700821384783,0.685773940461874,5.1628480428457255
1733902662567547100,0.976547119140625,0.26758710683584214,0.22105273467600345,6.039280164241791
1733902662577574000,0.986573974609375,0.20160159975290298,0.40960897489488124,6.127737030851841
1733902662587601200,0.99660107421875,0.33046383424848313,1.0125281065374612,5.70964255168438
1733902662597627100,1.006627197265625,0.9554323006138205,1.6538970880836248,4.086798481251299
1733902662607654100,1.016654052734375,1.9993489403665066,1.7472797206580637,3.1480922745108604
1733902662617681200,1.02668115234375,2.289884668852389,2.1573744332432745,2.424921792590618
1733902662627707100,1.03670703125,1.827521424369514,1.6314339118629693,2.3238801696956157
1733902662637734100,1.046734130859375,1.0004624056905507,0.7899000853687524,3.2183167343378063
1733902662647761200,1.05676123046875,0.03026274405568838,0.25129765081405636,3.5432860628232357
1733902662657788200,1.0667880859375,-1.0391653535723686,-0.2759194663733244,2.9875609362930056
1733902662667814100,1.076814208984375,-2.0910639319896696,-0.45151510273218154,2.2770947453841566
1733902662677841200,1.086841064453125,-3.1565684264332052,-0.2447825698316097,1.4196882269755005
1733902662687868200,1.0968681640625,-4.311690647959709,-0.20343582944273947,0.8131213864803314
1733902662697895200,1.106895263671875,-5.427924043643475,-0.09562661210894584,0.25509675083607436
1733902662707921200,1.116921142578125,-6.05188771688044,0.275310394564271,-0.2767822206825018
1733902662717948200,1.1269482421875,-6.237402105185389,0.20179507649838924,0.3315744258388877
1733902662727975200,1.13697509765625,-6.354473656383156,-0.29568799668252466,1.0047951741978525
1733902662738001200,1.147001220703125,-6.2867819299042225,0.04653846381306648,0.6299857100054621
1733902662748028200,1.157028076171875,-5.881548685875535,0.5147124404013157,0.517647324809432
1733902662758055200,1.16705517578125,-5.4543783353269095,0.7114660156011581,0.5581520614162087
1733902662768082200,1.177082275390625,-4.818352468374371,0.623717589521408,0.35933600072860716
1733902662778108200,1.187108154296875,-4.187174041453003,0.8759218337863683,0.05434796852022409
1733902662788135200,1.19713525390625,-3.3857027607560157,1.1423568479776383,-0.29781711766570806
1733902662798162200,1.207162109375,-2.204441889366507,1.3998822872653602,-0.8086477481976151
1733902662808189200,1.217189208984375,-1.2366215240836143,2.1927909068003295,-1.4920911998853086
1733902662818215200,1.227215087890625,-0.3221194920122623,3.1084084988981484,-2.13559923928678
1733902662828242200,1.2372421875,0.5465332275539636,4.102531764695048,-2.691845467081666
1733902662838269200,1.247269287109375,1.2375322091877459,4.81924912495315,-3.323679435302317
1733902662848296200,1.257296142578125,1.8289222310781479,4.78846732545942,-3.790736975081265
1733902662858322200,1.267322265625,2.6102152316212655,4.180565436968207,-3.6977205454707143
1733902662868349200,1.27734912109375,3.527307864707708,3.634012920191884,-3.4510061307936906
1733902662878376000,1.2873759765625,4.453956846168637,3.3125776110514997,-3.2384386081293224
1733902662888402200,1.297402099609375,5.399758856388926,3.0722680949807164,-2.9635791722029445
1733902662898429200,1.30742919921875,6.293540171992778,3.1056647531479595,-2.640656547114253
1733902662908456200,1.317456298828125,6.839594676119089,3.3612618547216058,-2.0928107756569982
1733902662918483000,1.32748291015625,7.297458855617046,3.88434143371284,-1.841797787003219
1733902662928509200,1.33750927734375,7.681276971173286,4.6789720547348255,-1.6318845782399176
1733902662938536200,1.3475361328125,6.088846451443433,6.06910188653171,1.6266776572465895
1733902662948563200,1.357563232421875,2.082583103892207,7.930334734106063,2.9172002828657626
1733902662958590000,1.36758984375,-1.8647125063836574,5.80643353139758,2.0142957496076823
1733902662968616000,1.377615966796875,-1.4675626155674457,1.1962848375201225,4.329327134676277
1733902662978643200,1.387643310546875,-0.3515168514102697,2.483089319398999,2.612004160864651
1733902662988670200,1.397670166015625,-2.8974697464793917,1.0738292551964521,-1.4792209046572447
1733902662998697000,1.407697021484375,0.3090565968215465,-1.5277999343872068,-0.24248452202230691
1733902663008723000,1.417722900390625,2.2089380317419764,0.29314211159199477,-0.024726737238466738
1733902663018750200,1.427750244140625,1.5883692616403102,1.6811100891798734,1.455579332306981
1733902663028777200,1.437777099609375,-0.2581774734556675,0.31489012528061866,0.15468758062571286
1733902663038803200,1.44780322265625,-2.209818906229734,-2.142814285232127,-4.584281846693158
1733902663048830000,1.457829833984375,-0.24753566793203352,-3.801411806091666,-6.757814803054928
1733902663058857200,1.467857177734375,1.7161586062073706,-4.2917806633532045,-8.48357885747552
1733902663068884200,1.47788427734375,2.028447609078884,-2.6396821491241456,-6.150730952948331
1733902663078910200,1.48791015625,2.365456042665243,-2.2718822714328764,-2.2097791587412354
1733902663088937000,1.49793701171875,4.228402123898268,-2.4065204589813947,-0.01873728756532073
1733902663098964200,1.507964111328125,5.70490383272469,-1.8049381289005277,1.2290275618232787
1733902663108991200,1.5179912109375,5.109968685573339,-1.016827265036106,1.0838485449075699
1733902663119017200,1.528017333984375,3.2672599212050435,0.5165308880001306,0.18252499723061918
1733902663129044000,1.5380439453125,1.5459318034052847,2.158221697722375,-0.84937504151389
1733902663139071200,1.5480712890625,1.8229548471063375,2.5405039820134636,0.27073987177833914
1733902663149098200,1.55809814453125,1.9371914671391248,3.056646455217898,1.5222304636918007
1733902663159124200,1.568124267578125,0.4391080411016941,3.7021883385345338,1.0208369390688836
1733902663169151000,1.57815087890625,-1.2227169173717498,3.3937782229229807,0.3460980412319302
1733902663179178200,1.58817822265625,-3.593803074878454,2.6295339723363518,0.0021326281145215035
1733902663189205200,1.598205322265625,-6.41183571202755,1.5710574768334626,0.3556603809557855
1733902663199231200,1.608231201171875,-5.692845730662346,0.6929965851917862,0.11253076596297323
1733902663209258000,1.618258056640625,-2.324142035502195,1.2176850606843828,-0.6940056891690939
1733902663219285000,1.628284912109375,-0.43246494982540606,2.127220410259068,-0.9463011919140815
1733902663229312300,1.638312255859375,-0.085066639649868,2.1688795775979757,-1.1105268546052276
1733902663239338200,1.648338134765625,-0.8722866921544075,1.855768444688618,-0.8367642009396106
1733902663249365200,1.658365234375,-1.6104466534137725,1.8650335550315678,-0.6344145592983812
1733902663259392300,1.668392333984375,-1.68009068300426,2.048726573128253,-0.40195034990049894
1733902663269419500,1.67841943359375,-1.4715934785187244,1.965393771533668,-0.4037483392331749
1733902663279445500,1.688445556640625,-1.1247639081418515,1.634661057215929,-0.8586420515529811
1733902663289472300,1.69847216796875,-1.1641478240251542,1.5705182553902268,-1.1194782958891243
1733902663299499300,1.708499267578125,-1.214905951359868,1.3507057300336658,-0.9750408180557191
1733902663309526500,1.718526611328125,-1.403135443842411,1.7683702933512626,-0.7524860082536935
1733902663319553300,1.72855322265625,-1.4436398881882428,2.0894221561320125,-0.6204289963047951
1733902663329579300,1.738579345703125,-1.2293734526515006,1.7967467852689325,-0.8249570779636501
1733902663339606300,1.748606201171875,-0.9566004676103591,1.130017444755882,-1.3091300031945108
1733902663349633500,1.758633544921875,-0.6862333746671676,0.628342911234498,-1.7686052711509168
1733902663359660300,1.768660400390625,-0.43461774394512176,0.21985651062875985,-1.9549334600567816
1733902663369686300,1.778686279296875,-0.4799895020663738,0.17803206972554325,-1.6812519818685947
1733902663379713300,1.78871337890625,-0.4983890821099281,0.8107550957404076,-1.096701596739888
1733902663389740500,1.798740478515625,-0.5774608652591705,1.4208128470912575,-0.2904724539913237
1733902663399767300,1.808767333984375,-0.45419455107450485,1.6576219538256525,-0.017419409899786114
1733902663409793300,1.818793212890625,0.11050444776713847,1.6341829183101653,-0.04265102792046964
1733902663419820300,1.8288203125,0.7692471734404563,1.2749641142204402,-0.0009189414758235216
1733902663429847600,1.83884765625,1.5187667331039905,0.8334900746397673,0.07311703946329653
1733902663439874300,1.848874267578125,1.4422890581011771,0.7121959373109042,-0.06394092257805169
1733902663449901300,1.8589013671875,1.3052420558452607,0.9440079664103687,-0.20452442839704452
1733902663459927300,1.86892724609375,1.324068336868286,1.5776358323104678,-0.40803303081505
1733902663469954600,1.87895458984375,1.448740426197648,2.046096370755136,-0.38863099573068316
1733902663479981300,1.888981201171875,1.328380354848504,1.5624167819991708,-0.15534027238078416
1733902663490008300,1.89900830078125,1.957321816498041,-0.1799772124439478,0.083432900968194
1733902663500035300,1.909035400390625,3.1416011589258908,-1.7232751602143048,0.6821572112694382
1733902663510061300,1.919061279296875,3.856672505542636,-2.737121363613009,1.336737556566298
1733902663520088300,1.92908837890625,3.765461956310272,-2.635961959557235,1.2646920187920332
1733902663530115300,1.939115234375,3.6488135989606376,-0.04431465028375387,0.19962292009107768
1733902663540142300,1.949142333984375,4.161221854072809,2.319036529056728,-1.2462490379981697
1733902663550168300,1.959168212890625,5.541403123307227,-0.23867139347493646,-0.38653570395186543
1733902663560195300,1.9691953125,4.396464442142844,-2.48286369394958,1.269871174995601
1733902663570222300,1.979222412109375,2.3427543815135956,-1.1425707829892635,0.4664964718300849
1733902663580249300,1.989249267578125,1.5637994685292242,0.1830523821055889,0.20693032049499452
1733902663590276400,1.9992763671875,0.8491127373158931,0.5421750323444604,-0.26406412034146487
1733902663600302300,2.00930224609375,0.6865607069253921,0.1084536527171731,-1.055091529239714
1733902663610329300,2.019329345703125,0.8108961116462945,-0.69712067938447,-1.6347678785912692
1733902663620356400,2.0293564453125,0.2837245871663093,-1.143354919104278,-2.0146334571294484
1733902663630383600,2.039383544921875,-0.839013952627778,-0.5531672587409615,-1.875433953014761
1733902663640410400,2.049410400390625,-1.282404201093316,-0.15270400559306144,-1.4232818675532937
1733902663650436400,2.059436279296875,-1.427130651935935,0.09944061743915081,-0.981024714770913
1733902663660463400,2.06946337890625,-1.3992086257874965,-0.261928934943676,-0.6222912099801003
1733902663670490400,2.079490478515625,-1.452352771475911,-0.5425514644414187,-0.25351722655966874
1733902663680517400,2.089517333984375,-1.7034551919788121,-0.06366729326844214,-0.011902619239687919
1733902663690544400,2.09954443359375,-2.1795500246942043,0.5824775243774056,0.664646981281042
1733902663700570400,2.1095703125,-2.247731580516696,0.9468675936251878,1.2165256615161895
1733902663710597400,2.119597412109375,-2.076272021049261,-0.248963362647593,1.607911728108674
1733902663720624400,2.129624267578125,-1.7590484843850134,-1.6733324409157038,1.7659265534609556
1733902663730651400,2.1396513671875,-0.9792243873506784,-1.9682184735655783,1.6083818298384547
1733902663740678400,2.149678466796875,-0.5079512757033109,-2.0720301456958055,1.2009376317620277
1733902663750704400,2.159704345703125,-0.2815934203565121,-1.37450965333879,0.5173156086370349
1733902663760731400,2.1697314453125,0.5646504835247993,0.8216466382414102,-0.12908186859562992
1733902663770758400,2.17975830078125,1.540450157123804,-1.5459604449778794,-2.1094220109790562
1733902663780785400,2.189785400390625,0.9724819273531436,-2.8839252052515745,-3.380516882550716
1733902663790812400,2.1998125,0.6383914270401001,-2.387922433756292,-2.848489150211215
1733902663800838400,2.20983837890625,0.41733284714519975,-1.9350144153609872,-1.7073770415976643
1733902663810865400,2.219865478515625,0.31004443881511684,-1.8083917764857411,-0.8567217510148882
1733902663820892400,2.229892333984375,0.8344827389389275,-2.206298330888152,-0.014483575643599032
1733902663830919200,2.239919189453125,1.7666472689509392,-1.671420469814539,0.32769524631798264
1733902663840946400,2.249946533203125,2.300434412178397,-1.454874398908019,0.4844020578116178
1733902663850972400,2.259972412109375,2.407504209321737,-1.0569394951939581,1.1067974588185547
1733902663860999400,2.26999951171875,2.091211231505871,-0.6606374533787369,1.577938468518853
1733902663871026200,2.280026123046875,1.4898720625311135,-0.8508326929762959,1.8701622962221502
1733902663881053400,2.290053466796875,1.1055658711969851,-0.8083297682896255,2.058395295836031
1733902663891080400,2.30008056640625,0.42559740214347835,-0.8696540055632591,2.412506547653675
1733902663901106400,2.3101064453125,-0.8955752132833004,-0.6808177793592214,2.251286350388825
1733902663911133200,2.32013330078125,-2.15044492624104,-0.24934184057116507,1.9226342417374251
1733902663921160400,2.330160400390625,-2.3254764989763497,-0.17318419130295515,1.3595833023637531
1733902663931187500,2.3401875,-2.1191338421761987,-0.07596446478366851,0.9605626492395997
1733902663941214200,2.350214111328125,-1.6831693597972393,0.13545768723785875,0.42887423185706136
1733902663951241500,2.360241455078125,-1.2754735250473022,0.35549686095714567,-0.04608808969706297
1733902663961267500,2.370267333984375,-1.300315705358982,0.6728954619273543,-0.557815961329639
1733902663971294500,2.38029443359375,-0.9218599936187267,0.6153863990277052,-1.0816185938984155
1733902663981321200,2.3903212890625,-0.9966659360170363,0.19520576123595237,-1.3599614880263804
1733902663991348200,2.40034814453125,-1.2074246556937693,-0.19595248795002698,-1.484613703611493
1733902664001375500,2.41037548828125,-1.2193792973816393,-0.31780104429125783,-1.6003005224525928
1733902664011401500,2.4204013671875,-0.8159767759114503,-0.42861236605048175,-1.8849255655899644
1733902664021428200,2.43042822265625,-0.33798867679536343,-0.7747299887657165,-1.8714689949065446
1733902664031455200,2.440455322265625,-0.027459084811806676,-1.045123092932999,-1.2725854023903607
1733902664041482500,2.450482421875,0.35553660844564433,-0.8126254196569324,-0.5625643249005079
1733902664051509500,2.460509521484375,0.5999041677355766,-0.45416240237057204,0.1386792796328664
1733902664061536300,2.470536376953125,0.4629162021905184,-0.7072843460023402,0.8931807193621992
1733902664071562200,2.480562255859375,-0.2860965769946575,-1.0373992206826805,1.6690113628461956
1733902664081589500,2.490589599609375,-0.624760376572609,-1.0225929889559746,2.588242469266057
1733902664091616500,2.500616455078125,-0.3572393207103014,-1.4776558472976087,2.934402762079239
1733902664101643300,2.510643310546875,0.17003157249093054,-1.6498320306017993,2.1728439511843023
1733902664111670500,2.52067041015625,0.4059755868285894,-0.835985252456367,1.1144766151443124
1733902664121697500,2.530697509765625,-0.40465281379222867,0.9175611273810267,1.3171280162110923
1733902664131723500,2.5407236328125,-2.3493325908601284,3.1002953350692986,3.490627070303261
1733902664141750300,2.550750244140625,-4.324877461791038,3.515908811075985,5.7253428096413606
1733902664151777300,2.56077734375,-3.3314994614034887,1.9707363016054034,2.295039567397535
1733902664161804500,2.570804443359375,-4.461681302940845,0.3385875194713473,-1.2509506398178636
1733902664171831300,2.580831298828125,-4.097811750435829,1.140164014108479,-3.906967691540718
1733902664181858300,2.5908583984375,-1.8909879343688487,1.3491484175890682,-8.237161379918456
1733902664191884300,2.60088427734375,-0.7794377280652522,0.21864742709994314,-11.457740798491239
1733902664201911600,2.61091162109375,0.9294552710533142,0.4822039632454514,-11.73547637437582
1733902664211938300,2.620938232421875,3.1483067940443754,1.3700550120174884,-8.681105170613527
1733902664221965300,2.63096533203125,4.824647184604406,0.9286506766721606,-4.489327142496407
1733902664231992600,2.64099267578125,5.375312981918454,0.1942690649077296,-1.3888254712000487
1733902664242019300,2.651019287109375,5.559036979675293,-0.4295063922807574,-0.4602275476284325
1733902664252045000,2.661045166015625,4.544520329669117,-0.6726935096144676,0.18844335442893206
1733902664262072000,2.671072021484375,3.2416046709448096,-0.576495819619298,1.6191725423134862
1733902664272099000,2.68109912109375,2.850486461508274,0.3585755377501249,3.0695243492305275
1733902664282125800,2.691125732421875,2.8436668446213007,1.4823463432013988,3.958650532504916
1733902664292153000,2.701153076171875,2.139512613338232,1.2913725204467772,4.3408565366894
1733902664302180000,2.71118017578125,1.2543483194321394,0.7116632917389273,3.599556523838639
1733902664312207000,2.72120703125,0.9215916980713605,0.47770928217470643,2.402403671312332
1733902664322233000,2.731233154296875,0.5723731867313384,0.7424331085339189,1.1766278778266162
1733902664332260000,2.741260009765625,-0.26345921325087546,1.207415887865424,-0.4833871086154133
1733902664342287000,2.751287109375,-1.0734902325004338,0.9703437462806701,-1.779544159924984
1733902664352314000,2.761314208984375,-2.0544301915973424,0.7837561757862568,-1.6490967020645737
1733902664362340900,2.7713408203125,-2.966450343725085,0.5590425805151462,-0.7338844758972525
1733902664372368100,2.7813681640625,-3.565191897422075,0.03836041805446148,0.23585830881558356
1733902664382394000,2.79139404296875,-3.374450714379549,-0.726516869738698,0.09616086511611938
1733902664392421000,2.801421142578125,-3.3210897110700603,-1.7913637770563362,-0.4763165126420557
1733902664402448000,2.81144775390625,-2.5959575736880303,-2.3681202934384347,-0.8263904717676341
1733902664412475100,2.82147509765625,-2.0721382822453975,-2.440056233358383,-1.4964583090536296
1733902664422502100,2.831502197265625,-1.8210744401872156,-1.4998995355486868,-1.410189600137621
1733902664432529000,2.84152880859375,-2.4967104329943655,-0.8889484886199236,-1.1081437588609755
1733902664442556200,2.85155615234375,-3.195465435582399,-0.7349392456471919,-0.1935918232332915
1733902664452582100,2.86158203125,-0.3443541201740503,-0.8816127389043569,0.5868178186040371
1733902664462609200,2.871609130859375,0.9177373607307672,-0.8635720553010702,1.254523237607628
1733902664472636000,2.881635986328125,3.3638094933778047,-1.0848632749080658,1.0897864835891873
1733902664482663200,2.8916630859375,5.7885021533876655,-0.9508084402054547,0.2306995378129184
1733902664492690200,2.901690185546875,7.300697691407799,0.640881490290165,-0.02625212017484009
1733902664502717000,2.911717041015625,5.56433742417097,-0.21955928124785423,-0.9876974705331026
1733902664512744000,2.921743896484375,2.713039061757922,-2.0457669926702975,-1.2186625274144112
1733902664522771200,2.931771240234375,0.23295184678435324,-2.166946563708782,-0.619821751126647
1733902664532797200,2.941797119140625,-0.034924013864994045,-3.751026603722572,-0.8591783503867685
1733902664542824000,2.951823974609375,0.43170740945637226,-2.5615210510790347,-0.3828879950992763
1733902664552851000,2.961850830078125,0.657229983022809,0.2691086173146963,1.9204424307815728
1733902664562878200,2.971878173828125,1.3186983342677354,1.9184896892786025,2.562701200774312
1733902664572905000,2.981905029296875,0.49864802530705926,1.9432120426028965,1.0994804868686943
1733902664582932000,2.991931884765625,-0.8072977948933839,0.8785679643809795,0.5099056977067142
1733902664592959000,3.001958984375,-1.0841513272464274,-0.8534685944378375,2.0932428834639487
1733902664602986000,3.011986083984375,-1.7261960160970686,-3.4881758777588603,1.611767965145409
1733902664613012000,3.022011962890625,-4.011597109794616,-5.338287611860037,0.03815720536625013
1733902664623039000,3.0320390625,-4.551958955237269,-3.363853917041421,1.0707119999587535
1733902664633066000,3.04206591796875,-1.4775520946621894,0.14660919584929943,-1.2263637494415045
1733902664643093000,3.052093017578125,1.011648401093483,3.9197652137935157,-1.7334151536956428
1733902664653120000,3.0621201171875,2.383611877080798,5.147320803368092,-1.709393642117083
1733902664663147000,3.07214697265625,3.4745740533858536,4.1332010437250135,-0.6782710174858569
1733902664673174000,3.082174072265625,4.749982696503401,2.973088758826256,0.8901919128097593
1733902664683201000,3.092200927734375,3.049107584145665,0.9419774834960698,1.853483110230416
1733902664693227000,3.10222705078125,1.3967536338508129,-0.03617138357758522,2.4305127444654704
1733902664703254000,3.11225390625,1.4083505481421947,0.46444180432260035,2.5456392990753054
1733902664713281300,3.12228125,0.325064897814393,1.5802672037273644,0.9875856807217002
1733902664723308000,3.13230810546875,-2.1544705284953114,1.7721370985388756,-0.34756256082653997
1733902664733335000,3.1423349609375,-1.9112346035838126,1.526551980152726,0.030191432385146617
1733902664743362000,3.152362060546875,-0.9958791695535182,-0.29569559546709057,0.8190101522579789
1733902664753389000,3.16238916015625,-0.37805706781148907,-1.8450573733210562,1.119801901820302
1733902664763416000,3.172416015625,0.08114449777007103,-2.2911595110937952,2.875812918205559
1733902664773442000,3.182442138671875,1.9149346271455288,-2.280253793936968,4.334657682049274
1733902664783469000,3.192468994140625,1.829640023958683,-1.7764041083335875,2.69661282761395
1733902664793496000,3.20249609375,0.9483774136662483,-0.03165127580463886,2.1532509235724806
1733902664803523000,3.212523193359375,0.9202981511294841,0.9641332012027501,1.963972506558895
1733902664813550000,3.222550048828125,0.6714554922521114,1.4213485614031554,0.7550687182232737
1733902664823576800,3.232576904296875,-0.39731647955477234,1.468669700026512,-1.2367875283002854
1733902664833604000,3.24260400390625,-0.9248644361317158,1.1952443885564803,-1.6357620041951537
1733902664843631000,3.252631103515625,-0.4877601360678672,1.0351280608803033,-1.1213593603953718
1733902664853657900,3.262657958984375,-0.5444546677142381,0.9752227504938841,-1.5145838944613932
1733902664863685000,3.27268505859375,-0.6256009190499782,1.1435445964574813,-2.419875030595064
1733902664873711000,3.282711181640625,-0.3250397633731365,2.191874084216356,-1.8699270261615513
1733902664883738000,3.292738037109375,0.13155249649286269,2.484145550453663,0.032168285416066644
1733902664893764900,3.302764892578125,-0.08763970500826836,0.8207996660232544,-0.03391659038811922
1733902664903792000,3.312792236328125,-0.726117641288042,1.2129112704113125,0.545818357282877
1733902664913819100,3.322819091796875,-0.9748451493531465,1.8581582624346016,0.10645020394027233
1733902664923846000,3.332845947265625,-0.9768161571651697,1.8708534933567047,-1.3516630307585
1733902664933873000,3.342872802734375,-1.0009884753912686,1.6295423990279436,-0.8130024362757802
1733902664943900200,3.352900146484375,-1.1511410429358482,1.638329516595602,0.28023791409432885
1733902664953927200,3.36292724609375,-0.528553918749094,1.058344101294875,0.16243892540484667
1733902664963954000,3.372953857421875,0.003060556614398956,1.273442896002531,0.7252294602766632
1733902664973981200,3.382981201171875,0.636188948559761,1.2147557292342186,0.6537921175286173
1733902664984008200,3.39300830078125,0.7655576712727546,1.0365917036920784,0.05063391643315553
1733902664994034200,3.4030341796875,0.12029343585371971,0.19858838941156862,-0.7211787235811352
1733902665004061000,3.41306103515625,-1.3191723815202712,-0.7892308078050613,-0.9350685808904469
1733902665014088200,3.423088134765625,-1.493897664785385,-0.6424462553888559,-1.4492420921094715
1733902665024115200,3.433115234375,-1.0822381871014832,-0.1630886214852333,-2.4221676715768874
1733902665034142000,3.443141845703125,-0.2331055760413408,-0.34603637417256833,-1.3666884581938386
1733902665044169000,3.4531689453125,0.5803308677375316,0.43477556485533714,0.5738832990333438
1733902665054196200,3.4631962890625,0.6344271995842456,1.407891113936901,1.5345347956001758
1733902665064223000,3.473222900390625,0.9335773194193839,1.1300772121191025,1.8120418234258888
1733902665074250000,3.48325,1.7049100669622421,0.8781909477621317,1.7892837559118866
1733902665084277200,3.49327734375,1.6050450866311787,-0.26159517294466494,1.0419270733706651
1733902665094304000,3.503303955078125,1.1161357805281877,-1.4448241295367479,-0.4247133127853274
1733902665104331000,3.5133310546875,0.16215221741795538,-1.0418553233087062,-2.6217273902386427
1733902665114358000,3.52335791015625,-0.43570261657238,0.07633563618361949,-2.296749586185813
1733902665124385000,3.533385009765625,0.4404290605723858,-0.1366851832062006,-0.41237116961721326
1733902665134411000,3.543410888671875,0.6503986756980419,-1.6937953832298516,-0.8511470196224749
1733902665144438000,3.55343798828125,-0.29773090068697927,-2.2940660461902618,-1.960816672876477
1733902665154465000,3.563465087890625,-0.5952350068807601,-1.166713875120878,-1.2505486348882318
1733902665164492000,3.573491943359375,-0.7230038931816816,0.24456863481998442,-0.7698936546504497
1733902665174519000,3.58351904296875,-0.22226269498765466,0.22801672846972942,-2.180130454930663
1733902665184546000,3.593546142578125,0.10325520729124546,2.091739054772258,-0.5762040701311081
1733902665194572800,3.60357275390625,1.5130080234467982,2.282569669663906,0.3526693824462592
1733902665204600000,3.61360009765625,0.1528980668604374,0.8458458444744348,1.8028817808926105
1733902665214627000,3.623626953125,1.1014555132687092,2.2146154928565025,-1.7547144007034599
1733902665224654000,3.633654052734375,-0.5339309356123209,3.2887542523935434,1.8754260619692504
1733902665234681000,3.64368115234375,-0.31782208707928655,-0.9322405178576707,0.8057925048969685
1733902665244708000,3.6537080078125,2.456155135244131,0.12137772395908832,2.1221298091217875
1733902665254735400,3.6637353515625,0.5540040018260478,3.0213907251805066,3.122797381995618
1733902665264762600,3.6737626953125,-1.6675673015177248,2.9144007152751086,0.4669610936671495
1733902665274789600,3.68378955078125,-3.7552760778605934,0.3609583412334323,0.030967458258941767
1733902665284815600,3.693815673828125,-3.326799320888519,-0.5311132478430867,-1.8564517507776617
1733902665294842400,3.70384228515625,-2.059945740148425,-0.051015024705231185,-1.9740037789687512
1733902665304869600,3.71386962890625,-1.497446881699562,0.32364801675379273,-0.6734064801894127
1733902665314896600,3.723896728515625,-0.5470259795069694,0.03533493275344372,-0.5723366541132331
1733902665324923400,3.73392333984375,-0.7949696437180042,-0.32521687350571155,-0.3894506050178781
1733902665334950400,3.743950439453125,-1.9687287611752748,-0.8879239678777754,-0.15839965995140373
1733902665344977700,3.753977783203125,-2.6687387322604654,-0.3979299352779984,-0.690177143856883
1733902665355004700,3.764004638671875,-2.0910008036255836,0.1569825596950948,-0.19210458035022018
1733902665365031400,3.774031494140625,-1.46268653396368,-1.3849299250662326,0.6881601049460471
1733902665375058700,3.78405859375,-0.13601941277384758,-1.8960744438529014,0.6149282069314271
1733902665385085700,3.794085693359375,-0.053334699824452395,-2.2357075268544255,0.6004814561668783
1733902665395112400,3.804112548828125,0.09568389525413512,-2.27255227964893,0.7652996779236942
1733902665405139500,3.814139404296875,0.41824411677122114,-2.579081257688999,0.40081133593320845
1733902665415166700,3.824166748046875,0.6864227597594261,-2.5620640719145533,-0.23386775605287402
1733902665425193500,3.834193359375,0.7008657111316919,-2.59058581752181,-0.49391836643666026
1733902665435219500,3.844219482421875,0.4918792618244886,-2.6045328020706773,-0.9075796854622662
1733902665445246500,3.85424658203125,-0.07068155594468116,-2.9131159361615775,-1.1900163517098874
1733902665455273700,3.864273681640625,-0.622746114140749,-3.645708618682623,-1.4719640653967856
1733902665465300500,3.874300537109375,-0.8969301350235939,-4.095115935480594,-1.039369936233759
1733902665475327500,3.884327392578125,-1.540168417572975,-2.267550671969354,-0.4590928810426965
1733902665485354800,3.894354736328125,-1.4035709126502274,-1.3572517906762658,-0.6432490231391043
1733902665495381500,3.904381591796875,-0.7852595660865307,-1.7752461704701183,-0.9038805386833846
1733902665505408500,3.914408447265625,0.11051146202981471,-3.461943119871616,-1.3927495127759872
1733902665515435500,3.924435546875,0.2523123808145523,-3.2077140917807814,-0.3636041795670986
1733902665525462500,3.934462646484375,0.9656582188129424,-3.2077129227370023,-0.8741447411112487
1733902665535489500,3.944489501953125,1.0735036765038966,-3.436752564513683,-0.5311074756894261
1733902665545516500,3.9545166015625,1.2655939360678194,-4.036588343188166,-0.5495221071716397
1733902665555543600,3.96454345703125,1.4510738375812768,-2.3827312948539854,-0.2265193295188248
1733902665565569500,3.974569580078125,1.0691291146814823,-1.3591602546460926,0.5347144872054458
1733902665575596500,3.984596435546875,0.8736118032783269,-2.2770377544999123,1.189161269250512
1733902665585623600,3.99462353515625,0.7618985642433166,-1.5238149564042687,1.5749473238788545
1733902665595650600,4.004650634765625,-1.4632301393210887,1.4664739435479044,1.1859386539421974
1733902665605677600,4.014677490234375,-2.8168250149250027,3.2752655330061913,0.8222092405602336
1733902665615704600,4.02470458984375,-4.783992518132925,3.737627023923397,0.5683907660316676
1733902665625731600,4.034731689453125,-3.47829219712615,4.22334308694303,0.6951163538247347
1733902665635758600,4.044758544921875,-4.4815299127489325,4.367090463620424,-1.556368149484694
1733902665645785600,4.05478564453125,-4.181182107561827,3.425516007967293,-4.2612700820162885
1733902665655812600,4.0648125,2.5261305887460708,3.2295763794988392,-2.2596099420979616
1733902665665839400,4.07483935546875,7.554358564221858,2.8900474875241517,0.7792123218115419
1733902665675866600,4.08486669921875,7.484106047344207,1.4354804009996354,3.7444998323023317
1733902665685893600,4.0948935546875,2.4098697694092985,0.5916447273038328,3.934178354549408
1733902665695919600,4.104919677734375,-0.5226467405319214,0.554400892189145,2.1823972308188675
1733902665705946400,4.1149462890625,-1.1899568035423755,0.4100288077421486,0.7396434047501533
1733902665715973600,4.1249736328125,-0.7814695261538028,0.02166691127642989,-0.11619652192890643
1733902665726000600,4.135000732421875,-0.20798691687583923,-0.2673221722893417,-0.42367271769121284
1733902665736027400,4.14502734375,0.10738777705132961,-0.36244521879032254,-0.5589317405518144
1733902665746054700,4.1550546875,0.10846212828457355,-0.3733995973944664,-0.6866961698733269
1733902665756081700,4.16508154296875,-0.09274550371468067,-0.49357948987111444,-0.8098861308861524
1733902665766108400,4.1751083984375,-0.19904139387607572,-0.8401201603040098,-0.7628872830197214
1733902665776135400,4.185135498046875,-0.12402151646614074,-0.8071374897651374,-0.41856954933330415
1733902665786162700,4.19516259765625,-0.04178980798125267,-0.4933940503016114,-0.16169884762726724
1733902665796188700,4.205188720703125,0.08070727539658545,-0.12308058235421776,-0.1135419157668948
1733902665806215400,4.21521533203125,0.13308277480006217,0.27830153920426964,-0.19653284512124955
1733902665816242400,4.225242431640625,0.0792588301539421,0.5947872631132602,-0.32406887251436706
1733902665826269700,4.235269775390625,-0.09060323098897934,0.6548173689231276,-0.4062866255391389
1733902665836296400,4.24529638671875,-0.30903906116485597,0.8446174717232584,-0.5370891073822975
1733902665846323500,4.255323486328125,-0.4882236619263887,1.0963614050000905,-0.46484548975266515
1733902665856350700,4.265350830078125,-0.5190642058700323,1.3221554889842868,-0.16697423074692486
1733902665866377500,4.27537744140625,-0.4059592202156782,1.4337971240878105,0.03376571067534387
1733902665876404500,4.285404541015625,-0.14640636675357818,1.3744294277094304,0.21424860761910675
1733902665886431500,4.295431396484375,0.013109656941890716,1.161579434841871,0.37448359323889013
1733902665896458800,4.305458740234375,0.09857844765186309,0.6314515447743236,0.2356862401843071
1733902665906484500,4.315484375,0.08852584019303321,0.14071955328881738,0.06395144397206604
1733902665916511500,4.325511474609375,0.05318330865502357,-0.06665697660371661,0.002949753183685243
1733902665926538500,4.33553857421875,-0.04458090000450611,-0.0383984119772911,0.029957514031417665
1733902665936565800,4.345565673828125,-0.10288754302263259,0.07946502025052904,0.06667896923981606
1733902665946592500,4.355592529296875,-0.08739186772704124,0.1456166776806116,0.08692593071572483
1733902665956619500,4.36561962890625,-0.10857026483416557,0.15538608428388834,0.08442074296176433
1733902665966646500,4.375646484375,-0.10893091484010219,0.10951119894608854,0.070240314983204
1733902665976673500,4.385673583984375,-0.08992635464072227,0.039378362925350664,0.06737560973446816
1733902665986700500,4.395700439453125,-0.28112288023531434,-0.06948591641932725,-0.15437745523061602
1733902665996726500,4.4057265625,-0.5490191991508007,-0.26756752535253764,-0.6363488883618265
1733902666006753500,4.41575341796875,0.19410802912712097,-0.27324878585934637,0.318248861123994
1733902666016780500,4.425780517578125,0.19990999340415,-0.2584434309154749,0.38644908511433745
1733902666026807600,4.4358076171875,0.18025310677587986,-0.25128449907153844,0.5386789338570088
1733902666036834600,4.44583447265625,0.13302315356731415,-0.3474637766271829,0.5577385852444917
1733902666046861600,4.455861572265625,-0.10090718286037445,-0.4618073641657829,0.2155256052849814
1733902666056888600,4.465888671875,0.07816577422022819,-0.5680832344524562,-0.07649725648611784
1733902666066915600,4.47591552734375,0.048016135150194164,-0.7882172468483447,-0.16103863015286624
1733902666076942300,4.4859423828125,-0.2592868960022926,-0.8767568233057856,-0.11874317420441656
1733902666086968600,4.495968505859375,-0.4126771302938461,-0.8375202069386839,0.44513910142686214
1733902666096995600,4.50599560546875,-0.4205237521409988,-0.5728149391494691,0.11086085998937487
1733902666107022600,4.516022705078125,-0.32330256431698795,-0.5085306830264628,-0.2772158263267949
1733902666117049300,4.52604931640625,-0.255962720015645,-0.3742212890408933,0.25184085431266573
1733902666127076600,4.53607666015625,-0.21022914284467695,-0.25930340874567626,-0.02556724318321794
1733902666137103600,4.546103515625,0.023618191474676132,0.6517692333988845,-0.6777689862478524
1733902666147130400,4.55613037109375,-0.06018997254669666,2.782818700426817,-2.820162634915113
1733902666157157600,4.56615771484375,-1.0181611439883709,2.391501169025898,-2.1160142488509415
1733902666167184600,4.5761845703125,0.0190881468296051,0.7947384653106332,-0.16205266603361815
1733902666177210600,4.586210693359375,0.23108254578113555,-0.32738881071731446,1.0425060423023997
1733902666187237400,4.5962373046875,0.824946264308691,-0.00907616364210844,0.5439635231964289
1733902666197264400,4.606264404296875,0.5608522602856159,-0.15173194569051265,0.17485793320145457
1733902666207291600,4.616291748046875,0.7019675348937511,-0.25124898936673995,-0.19130310950791463
1733902666217318700,4.626318603515625,0.586397035908699,-0.49478053622394796,-0.46814416597187514
1733902666227345400,4.636345458984375,0.8737713777542113,-0.10899565063938498,0.21297199354572222
1733902666237372700,4.64637255859375,-0.7988707428097724,-2.737339682538807,2.036921276783198
1733902666247399700,4.656399658203125,-1.4020949948787689,-4.16957584092021,2.9939862931653853
1733902666257425700,4.66642578125,-0.9888917948842048,-2.3207839572459457,0.3503381264870986
1733902666267452400,4.676452392578125,1.779698473703861,0.7815108810774981,-3.3033754829421635
1733902666277479700,4.686479736328125,-0.16669278345704078,4.6327071471661325,-5.148977338403463
1733902666287506700,4.696506591796875,-6.9498302438169715,12.002255671960114,-3.449241459208727
1733902666297533400,4.706533447265625,1.0982277833938598,4.387565388633311,5.024963420721888
1733902666307560400,4.716560546875,1.3072317683577537,1.880531276153773,1.821307079899311
1733902666317587700,4.726587646484375,-0.05733692120313644,1.3627538952238858,-1.2204270528689025
1733902666327614500,4.736614501953125,1.2614233723849058,-1.1251974772535265,0.3224017430197447
1733902666337640400,4.746640380859375,0.5451496642410755,-0.5097592019081115,1.2446921639449893
1733902666347667500,4.75666748046875,1.287928517472744,-0.23565482213273642,1.320379419222474
1733902666357694700,4.76669482421875,1.2308990547835825,0.2046370219260454,0.30796829012818633
1733902666367721500,4.776721435546875,0.6762649383604526,-0.0761263773471117,-0.4177998070698231
1733902666377748500,4.78674853515625,0.11798106725811958,-0.47450610221922396,-0.7714605386409908
1733902666387775700,4.796775634765625,-0.4469242678105831,-0.5390240209676325,-0.39003143711313604
1733902666397802500,4.806802490234375,-1.0445125598192215,-0.8044893133439123,-0.2019632178732194
1733902666407829500,4.81682958984375,-1.1463012016892433,-1.0045498211346566,-0.4022183531869203
1733902666417855500,4.82685546875,-1.1046639539211989,-1.121527848830074,-0.44908155544232575
1733902666427882500,4.836882568359375,-0.7170885316580533,-1.2279057181864976,-0.42417500465754415
1733902666437909500,4.846909423828125,-0.19493921925425528,-1.3738538197785615,-0.46813335231691594
1733902666447936500,4.8569365234375,0.14598551099300383,-1.4274340187966823,-0.41001963805500413
1733902666457963500,4.866963623046875,0.42524201283454893,-1.3730026097767054,-0.3080147230857983
1733902666467990500,4.876990478515625,0.5376221913456917,-1.3594891943395138,-0.110894871856831
1733902666478017500,4.887017578125,0.7185965981334448,-1.5914214888177811,0.2400089622216299
1733902666488043500,4.89704345703125,0.8263421025812625,-1.8169181972905992,0.37293417183980343
1733902666498070500,4.907070556640625,0.8993091391146183,-1.6325107473142444,0.187484373203665
1733902666508097500,4.91709765625,0.93129066978693,-1.4597269535057247,0.11488549412926659
1733902666518124500,4.92712451171875,0.7146142504990101,-1.5581997488260269,0.07477782141552307
1733902666528151600,4.937151611328125,0.36036943542957306,-1.7294322215393185,-0.11926381881134585
1733902666538178600,4.947178466796875,0.16442951470017433,-1.4893654281832276,-0.055788878910383206
1733902666548205600,4.95720556640625,0.1181102465957403,-1.066802863691002,0.13691355773513206
1733902666558232600,4.967232666015625,0.1649357106566429,-0.8031438900843262,0.12196951583977787
1733902666568258600,4.977258544921875,0.09285480930805205,-0.5639421891249716,0.14204452741541898
1733902666578285600,4.98728564453125,-0.3064426149308681,-0.31397812500223515,0.48469234599508343
1733902666588312600,4.9973125,-0.8797340855509043,0.2158881915196776,0.3475271972522139
1733902666598339600,5.007339599609375,-1.0615864442169665,0.5269043979763984,0.3292507321316749
1733902666608366600,5.01736669921875,-0.870023423397541,0.9660140465132891,0.13163078589346258
1733902666618393600,5.0273935546875,-0.49184828216433524,1.3324839907750488,-0.14907508363933303
1733902666628420600,5.037420654296875,-0.15347674353122712,1.5900186362825333,-0.2973426868206821
1733902666638446600,5.047446533203125,0.013038345271348952,1.7434920188128946,-0.3700419209970161
1733902666648473600,5.0574736328125,0.1582294910162687,1.7529858233451843,-0.3440651106322184
1733902666658500400,5.067500244140625,0.2494271807670593,1.6891412738136946,-0.2395866999552585
1733902666668527600,5.077527587890625,0.2002408327937126,1.6518864789135752,-0.09930418637683615
1733902666678554600,5.0875546875,0.12545125700831414,1.2174834006324409,0.11947401836276984
1733902666688581400,5.097581298828125,-0.14061258578300476,0.3540795415051281,0.19824193232776596
1733902666698608600,5.107608642578125,-0.4122901768028736,-0.10601502739340066,-0.1712556526594795
1733902666708634600,5.117634521484375,-0.44533904444575306,-0.1898376583315432,-0.4001832671627402
1733902666718661600,5.12766162109375,-0.3274444864273071,-0.14640622062310577,-0.4141131179137155
1733902666728688400,5.1376884765625,-0.2551473119795322,-0.1282034783259034,-0.41582814167067406
1733902666738715600,5.147715576171875,-0.12899579774737358,-0.0899272314235568,-0.29728447209373116
1733902666748742700,5.15774267578125,-0.11527473090887069,-0.07866817078441381,-0.2130200339385308
1733902666758769400,5.167769287109375,-0.11277122365534305,-0.037349195185303684,-0.09690490668276325
1733902666768796400,5.17779638671875,-0.15137129568457602,0.010217150370776652,0.005043324504519114
1733902666778822700,5.18782275390625,-0.16823709028959274,0.05765533950254321,0.05505264162428211
1733902666788849700,5.197849609375,-0.1854746408164501,0.05581015002727508,0.11069913922217674
1733902666798876400,5.20787646484375,-0.13474281696677207,0.05384337999895215,0.11178297066981903
1733902666808903400,5.2179033203125,-0.03750292444229126,0.06527019842043519,0.13356978199887087
1733902666818930700,5.2279306640625,0.025169512569904327,0.07527560573667287,0.11858250374998897
1733902666828957400,5.23795751953125,0.05454056848287582,0.0637276451535523,0.09171426097080111
1733902666838984400,5.247984375,0.0523760839253664,0.025942396638542413,0.04745115364461671
1733902666849010400,5.258010498046875,0.019146014496684072,-0.011413228287547827,-0.011261238896497525
1733902666859037700,5.26803759765625,-0.02073299142718315,-0.04652706563621759,-0.05743479208704084
1733902666869064400,5.278064453125,-0.028698271217942235,-0.06255977041795849,-0.06527490199501626
1733902666879091500,5.288091552734375,-0.03711597095131874,-0.038010289442539216,-0.056773172673420046
1733902666889118500,5.298118408203125,-0.05224807363152504,-0.054096331846714016,-0.0629935769916512
1733902666899145700,5.308145751953125,-0.05440145227313042,-0.02789528427198529,-0.05280183962334413
1733902666909172500,5.31817236328125,-0.0117465518951416,-0.020093524479866027,-0.03445327053110814
1733902666919198500,5.328198486328125,0.027506431084871292,-0.012894991277903318,-0.02312965218919562
1733902666929225500,5.3382255859375,0.051469490474462504,-0.0031792145580053326,-0.028139205713209228
1733902666939252700,5.348252685546875,0.0039034371793270108,-0.0032503800980746744,-0.034942805330432015
1733902666949279500,5.358279541015625,-0.07036357603669166,0.00766205906048417,-0.052107459584437306
1733902666959306500,5.368306396484375,-0.09623568391799926,0.010831629007309674,-0.06802197678002994
1733902666969333800,5.378333740234375,-0.14743044910430908,-0.01027472577691078,-0.0764418273712974
1733902666979360500,5.388360595703125,-0.14736732074022293,-0.03416062827706337,-0.06023036392258946
1733902666989386500,5.398386474609375,-0.09100187491774558,0.00015898995399475096,-0.06615050208603497
1733902666999413500,5.40841357421875,-0.059684361112117765,0.025954379337280988,-0.0800118222120218
1733902667009440800,5.418440673828125,-0.038843817657232285,0.050855742490291594,-0.09722522467831149
1733902667019467500,5.428467529296875,-0.025022797575592993,0.06476414859443902,-0.13798640199787915
1733902667029494500,5.43849462890625,-0.0635211627960205,0.07403758837431669,-0.14276090465700253
1733902667039521500,5.448521484375,-0.0856423937112093,0.07891440063044429,-0.15627979998691008
1733902667049547500,5.458547607421875,-0.11178630427122116,0.06529080281704663,-0.139450958125107
1733902667059574500,5.468574462890625,-0.11716273661255835,0.049010260754078626,-0.12913381797857582
1733902667069601500,5.4786015625,-0.11664192760884762,0.051616936121135944,-0.12457679399503394
1733902667079628500,5.488628662109375,-0.10429682529866695,0.04693725387230515,-0.09410191415916197
1733902667089655600,5.498655517578125,-0.08397007658481598,0.07660685434043407,-0.0860300687213894
1733902667099682600,5.5086826171875,-0.07968494661152363,0.08951309766471385,-0.08563725174521096
1733902667109709600,5.51870947265625,-0.06427811864316463,0.07896218529492616,-0.07162602002082857
1733902667119735600,5.528735595703125,-0.016627309674024583,0.060231327470391983,-0.06677041038293391
1733902667129762600,5.538762451171875,0.06693535515367985,0.018475275628268718,-0.05647841837739106
1733902667139789600,5.54878955078125,0.08575169930458068,-0.0254832546941936,-0.05558284407742321
1733902667149816600,5.558816650390625,0.08066051364541053,-0.04372442930564284,-0.07681119040665216
1733902667159843300,5.56884326171875,0.06841127292513847,-0.0641881022721529,-0.09451146307443269
1733902667169870600,5.57887060546875,0.03434416815042496,-0.06190452137961983,-0.09430736447023227
1733902667179896600,5.588896484375,-0.03261749048829078,-0.055256315536797045,-0.07960986294816248
1733902667189923600,5.598923583984375,-0.04633154306411743,-0.04862213821932673,-0.08236099742036312
1733902667199950300,5.608950439453125,-0.04200315847098827,-0.04478358296975493,-0.08795761185102165
1733902667209977600,5.6189775390625,-0.05225099624097347,-0.038514731833338735,-0.10120892401961609
1733902667220004600,5.629004638671875,-0.039517186874151226,-0.015152999337762593,-0.13617275843834503
1733902667230031600,5.639031494140625,-0.048620530784130096,-0.0023258125990629195,-0.1686145635661669
1733902667240058600,5.64905859375,-0.09585340660214424,0.00003638648763298988,-0.2018866637719795
1733902667250084600,5.659084716796875,-0.123129536062479,0.03816109609007835,-0.21551694705449043
1733902667260111600,5.669111572265625,-0.14510872815847395,0.04768967967480421,-0.20419132398515938
1733902667270138600,5.679138671875,-0.1597287896633148,0.0570794393107295,-0.17538389330431817
1733902667280165600,5.68916552734375,-0.1408674373269081,0.08732230962216854,-0.15503073150757699
1733902667290192600,5.699192626953125,-0.11972995675206184,0.11822364384233951,-0.12056814287556335
1733902667300219600,5.7092197265625,-0.1122153433382511,0.12739946846663952,-0.10492137780464254
1733902667310245600,5.71924560546875,-0.11890870349705218,0.11597907978594302,-0.0989150409287773
1733902667320272600,5.729272705078125,-0.06963643080592155,0.13411138719543814,-0.0671824800488539
1733902667330299600,5.739299560546875,-0.064083472853899,0.131446551900357,-0.056761989125702524
1733902667340326700,5.74932666015625,-0.1051525653451681,0.11600436035767198,-0.029340336547722105
1733902667350353700,5.759353759765625,-0.08853168541193007,0.0848458365060389,-0.03707170255132951
1733902667360380700,5.769380615234375,-0.06315408304929733,0.05607201583385467,-0.010579745738627388
1733902667370407700,5.77940771484375,-0.035461774003505704,0.021197978590428827,0.031516707905847575
1733902667380433700,5.78943359375,0.006748305216431617,0.016813333765417337,0.04418084043678827
1733902667390460700,5.799460693359375,0.05131985287070274,0.02351794597059488,0.052065017815353345
1733902667400487700,5.80948779296875,0.0780652364552021,0.01237330549135804,0.05683436480874661
1733902667410514700,5.8195146484375,0.10570026235580443,0.010255436554551123,0.06377570381266996
1733902667420541400,5.82954150390625,0.1282896953046322,-0.00735401602461934,0.04741622846170794
1733902667430568700,5.839568603515625,0.09677636666595935,-0.04147752716168761,-0.0008445427990518509
1733902667440594700,5.8495947265625,0.025977321821451186,-0.05920359185785055,-0.06944409113817382
1733902667450621700,5.85962158203125,-0.04281622841954231,-0.08172405122369528,-0.11313117954153568
1733902667460648400,5.8696484375,-0.10664426520764828,-0.09075447602793574,-0.14193145896238274
1733902667470675700,5.87967578125,-0.13427052327990532,-0.08399769524410367,-0.14918730270899833
1733902667480702700,5.88970263671875,-0.14203648110628128,-0.06041968964934349,-0.14967041005082427
1733902667490729500,5.8997294921875,-0.1351601655960083,-0.03615092531144619,-0.14298757128603756
1733902667500755500,5.90975537109375,-0.12319850964546203,-0.0036611528560519216,-0.1268059321534354
1733902667510782700,5.91978271484375,-0.10601824226379394,0.024284400298446415,-0.1350816752660088
1733902667520809700,5.929809814453125,-0.08688567177057266,0.05307151884362101,-0.12830452754758298
1733902667530836500,5.93983642578125,-0.07820669075250625,0.030754034703969955,-0.11803239558655768
1733902667540863500,5.949863525390625,-0.13832359806299208,0.004102320752292871,-0.12664285054621285
1733902667550890800,5.959890869140625,-0.18018354867100714,-0.02655482944846153,-0.14110135568063706
1733902667560917500,5.96991748046875,-0.18363924208283422,-0.03221826203763485,-0.145730842112191
1733902667570943500,5.979943603515625,-0.1757669012725353,0.002890899135917425,-0.12514913225658236
1733902667580970500,5.989970458984375,-0.1620738914847374,0.047626405180245635,-0.10006523387720807
1733902667590997800,5.999997802734375,-0.1307248134970665,0.08078881620019673,-0.07557141034547239
1733902667601024500,6.0100244140625,-0.06745031893849372,0.08205605965703726,-0.07017578011332079
1733902667611051500,6.020051513671875,-0.021524434065818786,0.08130275707170367,-0.07452665053289383
1733902667621078800,6.030078857421875,0.013920388802886008,0.08881649370267987,-0.08666282280012964
1733902667631104800,6.040104736328125,0.03104571112692356,0.09386544765532016,-0.09110645867022685
1733902667641131500,6.050131591796875,0.003266308319568634,0.10589227779656649,-0.07853366681770421
1733902667651158500,6.060158447265625,-0.03213935158252716,0.10340499102547764,-0.07461441101473756
1733902667661185800,6.070185791015625,-0.05467267042994499,0.11394859687164426,-0.047809022605000064
1733902667671212800,6.080212890625,-0.036088381469249725,0.09821239081844686,-0.01567245663460344
1733902667681239600,6.090239501953125,-0.015001754298806189,0.0812334912277758,-0.01053138568541035
1733902667691265500,6.100265625,-0.007960603615641593,0.031507921811193225,-0.017027232244424522
1733902667701292500,6.11029248046875,-0.012992168042063712,0.0003368307389318943,0.002789621585374698
1733902667711319800,6.12031982421875,-0.002817395508289337,-0.027810236337035894,0.006734358889469876
1733902667721346600,6.1303466796875,-0.006799743142724037,-0.05736453986242413,-0.001288980364613235
1733902667731373600,6.14037353515625,-0.03185761203169823,-0.0605804331690073,-0.0016427348388824612
1733902667741400800,6.15040087890625,-0.059902972298860546,-0.07593509255871177,-0.0038642011474817987
1733902667751426800,6.1604267578125,-0.06361527082026004,-0.07508534386157989,0.0012790891582611947
1733902667761453600,6.17045361328125,-0.07843933046460151,-0.06247662217915058,-0.011930667157238348
1733902667771480600,6.18048046875,-0.07490238851010798,-0.06966258816048503,-0.02474954272531904
1733902667781507800,6.1905078125,-0.06432488039433956,-0.06716901777908206,-0.03959422503258101
1733902667791534600,6.20053466796875,-0.07158873391747474,-0.04456292595639825,-0.07584011688479222
1733902667801561600,6.2105615234375,-0.08127133902013302,-0.05248261303976178,-0.10992950655655004
1733902667811587600,6.220587646484375,-0.10010171169638633,-0.049358343539386985,-0.11931830721125006
1733902667821614800,6.23061474609375,-0.11653729819059372,-0.052677551089972255,-0.1256418933427427
1733902667831641600,6.2406416015625,-0.1111222874045372,-0.07307254273444413,-0.12284891988965682
1733902667841668600,6.250668701171875,-0.11268588345944881,-0.10338701697736978,-0.1244440435939934
1733902667851695600,6.260695556640625,-0.10114566779136658,-0.11042261470258236,-0.11430409577842801
1733902667861722600,6.27072265625,-0.08471592651605606,-0.08708002529889344,-0.11367289433595723
1733902667871749600,6.28074951171875,-0.08854746750295162,-0.06277122121155261,-0.09816285258829593
1733902667881775600,6.290775634765625,-0.08813654861450194,-0.023198504757881162,-0.07272454214752651
1733902667891802600,6.300802734375,-0.07615501891970634,0.012650953388959168,-0.05628213318688795
1733902667901829600,6.31082958984375,-0.05415244594812393,0.024568331806361674,-0.026600221226457506
1733902667911856600,6.320856689453125,-0.02057575503885746,0.0481115583486855,-0.02622818217682652
1733902667921883600,6.330883544921875,-0.013875380617380141,0.053337330172955985,-0.0386805899195373
1733902667931910400,6.340910400390625,-0.011357260316610336,0.05298822447434067,-0.05605357599486597
1733902667941936600,6.3509365234375,-0.005078910699486732,0.04880947748497128,-0.08893802858996204
1733902667951963600,6.360963623046875,-0.0186567696750164,0.04916588970720768,-0.10358960861107334
1733902667961990700,6.37099072265625,-0.031183073770999905,0.033494857844710346,-0.10809950551725923
1733902667972017400,6.381017333984375,-0.03205225782096386,0.021216391029953954,-0.10914961735839024
1733902667982044700,6.391044677734375,-0.06029927814006805,0.01625248501226306,-0.1082150399220176
1733902667992071700,6.40107177734375,-0.07970657392144202,0.01930368927642703,-0.09014764184174127
1733902668002097700,6.41109765625,-0.08159808675646782,0.03217778389677405,-0.07365754868132061
1733902668012124400,6.42112451171875,-0.07930091572999953,0.024969459953159093,-0.05286880847890861
1733902668022151700,6.431151611328125,-0.05756020856499672,0.03900149243697524,-0.029477128369640556
1733902668032178700,6.4411787109375,-0.05423310996890068,0.056490095115453,-0.020338996274070813
1733902668042205700,6.451205810546875,-0.039815293037891386,0.04365136406943202,-0.018203217221237716
1733902668052232700,6.461232666015625,-0.0386731372654438,0.051528819446265695,-0.03343088009725324
1733902668062258700,6.4712587890625,-0.06484685844182968,0.05528890263214707,-0.041467270629154514
1733902668072285700,6.48128564453125,-0.07689385458827018,0.04735197215303778,-0.05162513769390061
1733902668082312700,6.491312744140625,-0.09743746092319489,0.04913169517666101,-0.045006103146634995
1733902668092339500,6.50133935546875,-0.09169745596647262,0.05795286114439368,-0.0341299317447003
1733902668102366700,6.51136669921875,-0.08226970240771769,0.05256079284250736,-0.03225714187645353
1733902668112393700,6.521393798828125,-0.05910217730998993,0.041180736172199243,-0.016523219111887737
1733902668122419700,6.531419677734375,-0.041057986575365066,0.02878200397863984,-0.02320331336373929
1733902668132446500,6.541446533203125,-0.032924949002265926,0.039463410860300065,-0.02886626646229997
1733902668142473700,6.5514736328125,-0.022712182545661926,0.04098389842584729,-0.03840421153041534
1733902668152500700,6.561500732421875,-0.04322773182988167,0.042255233535915614,-0.053891123564238655
1733902668162527500,6.571527587890625,-0.0826665927708149,0.0339860023625195,-0.057787939206534064
1733902668172554800,6.5815546875,-0.11246084253191947,0.03758388072401285,-0.06290917751067318
1733902668182580700,6.591580810546875,-0.08674071034193039,0.02693374576345086,-0.03447261226910632
1733902668192607700,6.601607666015625,-0.07093991461992263,0.0043736850395798684,-0.021357694630208424
1733902668202634500,6.611634521484375,-0.06736088708937167,-0.029279578237235544,-0.023079339924198573
1733902668212661800,6.621661865234375,-0.05038111071586609,-0.05234320456907153,-0.0239346004800871
1733902668222688800,6.631688720703125,-0.01821720921397209,-0.07252484572380781,-0.03765268077705987
1733902668232715500,6.641715576171875,0.01660392879843712,-0.07091288048252463,-0.047908400459401305
1733902668242741500,6.651741455078125,0.006951134312152862,-0.07981061881780624,-0.0522007182253059
1733902668252768000,6.66176806640625,-0.01064297456741333,-0.11256532581970095,-0.06070095427613705
1733902668262795300,6.671795166015625,-0.008742109382152558,-0.15683891344070433,-0.06912984212380834
1733902668272822000,6.681822021484375,0.013270984983444213,-0.15588015141114592,-0.06964365056457464
1733902668282849000,6.69184912109375,0.0005886135429143905,-0.1510026085026562,-0.07502069939384237
1733902668292876300,6.701876220703125,-0.0429079983562231,-0.13327376732751725,-0.09498636884349397
1733902668302902300,6.71190234375,-0.07675240029096603,-0.12039338909685611,-0.11584858527407049
1733902668312929300,6.72192919921875,-0.09304185631275176,-0.1087574579693377,-0.12537277581146916
1733902668322956000,6.7319560546875,-0.11494973673820495,-0.11139262877851724,-0.10976073499405756
1733902668332983000,6.741983154296875,-0.12711948248147964,-0.10943199623003601,-0.08616100162467918
1733902668343010300,6.75201025390625,-0.12406827821731567,-0.10018573671802877,-0.07895416638525203
1733902668353037000,6.762037109375,-0.10833879416584968,-0.07020443995222449,-0.06165781660955399
1733902668363063000,6.77206298828125,-0.09038461980223655,-0.026935353198647496,-0.028296113307971972
1733902668373090000,6.782090087890625,-0.05897475153803825,-0.00035217443853616714,-0.02813500902870437
1733902668383117300,6.792117431640625,-0.0408779538333416,-0.0004229015871882438,-0.02447133085542591
1733902668393144000,6.80214404296875,-0.03673018650412559,0.01990209356099367,-0.01657847469677217
1733902668403171000,6.812171142578125,-0.030839374899864196,0.041423751147836446,-0.031727272783452644
1733902668413197000,6.822197021484375,-0.04503974968791008,0.042376960219442844,-0.050179825123259796
1733902668423224300,6.832224365234375,-0.0727320587337017,0.04781418283730745,-0.047154759947350244
1733902668433251000,6.8422509765625,-0.11747253321409225,0.04466799376606941,-0.05803618747971486
1733902668443278000,6.852278076171875,-0.1294213296830654,0.05188786201700568,-0.060715982881910165
1733902668453305300,6.862305419921875,-0.12356442034840583,0.0220139711484313,-0.055642355712316925
1733902668463332000,6.87233203125,-0.11030629484653472,-0.02723389775380492,-0.07652152327769436
1733902668473358000,6.882358154296875,-0.11939911736249922,-0.07833148617595434,-0.060682592068961816
1733902668483385000,6.892385009765625,-0.09812661223113536,-0.0801883660890162,-0.048177728053228924
1733902668493412000,6.902412109375,-0.085751114782691,-0.014370178396999835,-0.019830622060247695
1733902668503439000,6.912439208984375,-0.07071545821428299,0.07978256176710129,0.015154877342662075
1733902668513466000,6.922466064453125,-0.01050093574821949,0.16555778807774185,0.04229775750339031
1733902668523493000,6.9324931640625,0.04255436261296272,0.2282942302368581,0.0514526261046296
1733902668533519000,6.94251904296875,0.07546762117743491,0.22933877085372803,0.05074187488623429
1733902668543546000,6.952546142578125,0.05227496163845062,0.19463906726390123,0.019066135927196592
1733902668553573000,6.962572998046875,0.027404724276065825,0.19767127456665037,-0.02471870234577218
1733902668563600100,6.97260009765625,-0.019178747722506523,0.1680249088436365,-0.07646918116910383
1733902668573627100,6.982627197265625,-0.06624971097707748,0.12317322907373308,-0.11077523666569031
1733902668583654100,6.992654052734375,-0.09242986189424991,0.07804740853756666,-0.1281301664945204
1733902668593680100,7.00268017578125,-0.1172919159501791,0.0036133681915700433,-0.12613755877204239
1733902668603707100,7.01270703125,-0.1367898126244545,-0.048537236414849756,-0.12722047690423205
1733902668613734100,7.022734130859375,-0.14515607443153858,-0.05145005512163043,-0.11281572038419543
1733902668623761200,7.03276123046875,-0.13544891940951345,-0.04883855744898319,-0.08806273445961997
1733902668633788200,7.0427880859375,-0.11638882963061332,-0.009665800098329782,-0.05248733031407464
1733902668643815200,7.052815185546875,-0.08238251513242721,0.022877602240443228,-0.018833473382215013
1733902668653841000,7.0628408203125,-0.035680385190248486,0.04134425617083907,0.007934427994769067
1733902668663868200,7.0728681640625,0.0014133739292621612,0.02812164037376642,0.020013664176687596
1733902668673895200,7.082895263671875,0.017466683107614515,-0.02820332730785012,0.008941066020354629
1733902668683922200,7.092922119140625,0.0014841010779142378,-0.09572510404735803,-0.027905668668681754
1733902668693949200,7.10294921875,-0.04016717521548271,-0.1645731609545648,-0.08253830848233774
1733902668703976200,7.11297607421875,-0.11119301455318926,-0.19974311240464449,-0.10393217497104779
1733902668714002200,7.123002197265625,-0.14991466713547705,-0.22334143013507127,-0.10853927604085765
1733902668724029200,7.133029296875,-0.1832271541506052,-0.20841770950853825,-0.08313864899566396
1733902668734056200,7.14305615234375,-0.1555512117177248,-0.20092296983897684,-0.06560979650518857
1733902668744083200,7.153083251953125,-0.04768880289196968,-0.20904694732278584,-0.04366523733115755
1733902668754110200,7.163110107421875,0.048915129816532135,-0.1972885588593781,-0.06580817775465547
1733902668764137000,7.173136962890625,0.0755424399793148,-0.19998232798799873,-0.11673999028899706
1733902668774163000,7.183162841796875,0.08031447668671607,-0.1236189270146191,-0.14081273886444978
1733902668784190200,7.193190185546875,0.08179390158951282,-0.052127369861304756,-0.15478285769373176
1733902668794217200,7.20321728515625,0.055178281864523886,0.028149551293998955,-0.15306022601905278
1733902668804244000,7.213243896484375,0.04672667986154556,0.09162424459978938,-0.15930857322355732
1733902668814271200,7.223271240234375,0.02694178293943405,0.16806129533126948,-0.17261724160257727
1733902668824298200,7.23329833984375,0.04563245488405227,0.2275144780360162,-0.2371491523437202
1733902668834324200,7.24332421875,0.08094809841513634,0.2588024734862149,-0.27291769074145705
1733902668844351000,7.25335107421875,0.08694529300332068,0.3173027393803,-0.28301554384781047
1733902668854378200,7.263378173828125,0.07941782010793685,0.3459869820728898,-0.233532624080684
1733902668864405200,7.2734052734375,0.07210077509284019,0.3639708209224045,-0.16792203299105166
1733902668874432000,7.283431884765625,0.08324643848538399,0.37114670390114185,-0.08950329778990708
1733902668884458000,7.2934580078125,0.08465162910819053,0.36044293905720115,-0.01866472008603159
1733902668894485200,7.3034853515625,0.05623568196296692,0.32218247424587604,0.0345340007672552
1733902668904512300,7.31351220703125,0.01613280415534973,0.24784181127175686,0.019930009047803468
1733902668914539000,7.3235390625,-0.0621358459174633,0.16326237061694263,-0.010093683821312151
1733902668924566000,7.33356591796875,-0.19721885462403296,0.11206482895165681,-0.031129781814338637
1733902668934593300,7.34359326171875,-0.33190848009884355,0.024150983177125454,-0.023458635265100745
1733902668944619300,7.353619384765625,-0.40148821228146553,-0.06534647852703929,-0.006348517360060941
1733902668954646000,7.36364599609375,-0.3704547761142254,-0.16214301119819283,-0.050110011290060354
1733902668964673000,7.373673095703125,-0.30730010854303835,-0.23016703837141395,-0.09845955224623903
1733902668974700300,7.3837001953125,-0.2549228555738926,-0.234289525128901,-0.13433847394958137
1733902668984727000,7.39372705078125,-0.19131635258197782,-0.1765675501309335,-0.1899757333616726
1733902668994754000,7.403754150390625,-0.11109423035383224,-0.07499401231631636,-0.19343031252864748
1733902669004780000,7.413780029296875,-0.03839139771461487,0.026821371430158614,-0.19371281926445663
1733902669014807300,7.423807373046875,0.03899345526099205,0.16075170297026634,-0.20011976369731127
1733902669024834000,7.433833984375,0.0627285511136055,0.2822026382960379,-0.21020504958303643
1733902669034861000,7.443861083984375,0.05024316354990005,0.37299350081160665,-0.21589188131410628
1733902669044888000,7.45388818359375,0.024938041901588437,0.4378846367865801,-0.17854272266142068
1733902669054915000,7.4639150390625,-0.013890578186511992,0.4962152452021837,-0.10632597477240488
1733902669064941000,7.473941162109375,0.029947394496202467,0.497860528191179,-0.055145183312520385
1733902669074968000,7.483968017578125,0.04687690198719501,0.46274026110172267,0.0028880861243233084
1733902669084995000,7.4939951171875,0.03205810303986072,0.3827525321513414,0.04057341792881489
1733902669095022000,7.50402197265625,0.009078209468722342,0.273463889914751,0.023945176673028618
1733902669105049000,7.514049072265625,-0.01895838297009468,0.15961787663474677,-0.017197455978486684
1733902669115076000,7.524076171875,-0.041483518511056895,0.04737038459256291,-0.06693957467107102
1733902669125102000,7.53410205078125,-0.05784194811582565,-0.03486570780649781,-0.09163931430475786
1733902669135129000,7.544129150390625,-0.04007657432258129,-0.07846738751530646,-0.13507354675848035
1733902669145156000,7.554156005859375,-0.04987433023750782,-0.12655512659698723,-0.1727908811364323
1733902669155183000,7.56418310546875,-0.11131634867191315,-0.12413009140715002,-0.13155088905766604
1733902669165210000,7.574210205078125,-0.16666238831877708,-0.11033756676763296,-0.07405527016147971
1733902669175236400,7.584236328125,-0.16853578097522257,-0.10108151651397347,-0.0017617489755153656
1733902669185263000,7.59426318359375,-0.14407295536994932,-0.058766369484364984,0.0802603170803748
1733902669195290000,7.6042900390625,-0.0688543405175209,-0.012134089908003807,0.1369791794504039
1733902669205317000,7.614317138671875,0.04263853376507759,0.03266410610899329,0.12237258021533488
1733902669215344000,7.62434423828125,0.1033405474871397,0.09195786046832799,0.06748403854500502
1733902669225371100,7.63437109375,0.1369990714609623,0.12314604880586266,-0.02335179562345147
1733902669235397000,7.644397216796875,0.05608721340298652,0.14712868967875836,-0.09669961163531988
1733902669245424000,7.654424072265625,0.02391279050707817,0.16944295894801617,-0.1917724257864058
1733902669255451600,7.66445166015625,-0.00392915614247322,0.16740838438048958,-0.26189550759810953
1733902669265478700,7.674478759765625,-0.06348375339508057,0.18230419408679008,-0.2730812838053331
1733902669275505700,7.684505615234375,-0.040914194190502164,0.15585282501280306,-0.34933249310851094
1733902669285532700,7.69453271484375,-0.07213876901566982,0.08608283095508813,-0.38043377034757286
1733902669295558700,7.70455859375,-0.1728963142722845,0.0395892291970551,-0.3097787005510181
1733902669305585700,7.714585693359375,-0.23133038306236267,0.03201630972474813,-0.1879737641558051
1733902669315612700,7.72461279296875,-0.24387363829314707,0.06017857436984777,-0.016794263738766312
1733902669325639700,7.7346396484375,-0.20190321304798126,0.16144932984560728,0.05883216472957283
1733902669335666700,7.744666748046875,-0.14281857139468193,0.2757891179919243,0.02492664372473955
1733902669345692700,7.754692626953125,-0.12584990093708037,0.35469387401118874,0.006261544612795114
1733902669355719700,7.7647197265625,-0.006916062998771667,0.3928767435416579,0.11373013181537389
1733902669365746700,7.77474658203125,0.07515314840078353,0.41085926721692084,0.19075696513354778
1733902669375773700,7.784773681640625,0.038133039039373394,0.37700916619375346,0.1786142535276711
1733902669385800700,7.79480078125,-0.02701192556619644,0.2751277314737439,0.1113978164102882
1733902669395827500,7.804827392578125,-0.08625088099837303,0.11889423658028245,-0.0301501505266875
1733902669405853400,7.814853515625,-0.061302902224659915,-0.0548455427788198,-0.11239289186224341
1733902669415880700,7.824880615234375,-0.03136602912247181,-0.20822664391584694,-0.1147766451936215
1733902669425907700,7.83490771484375,-0.049148938572406764,-0.36187494462169706,-0.21330482396297157
1733902669435934500,7.8449345703125,0.006347323200106621,-0.48183505686782296,-0.3777018976982683
1733902669445961700,7.854961669921875,0.015777414846420288,-0.5959107141852379,-0.42270255748480556
1733902669455988700,7.86498876953125,-0.13087445110082627,-0.596323532769829,-0.30101576757654547
1733902669466014700,7.8750146484375,-0.3967360493183136,-0.4741705135893076,-0.045445261748880146
1733902669476041500,7.88504150390625,-0.6441887151420116,-0.2566970987048,0.16968597392365337
1733902669486068700,7.89506884765625,-0.6928349648892879,-0.08686499430872499,0.30436938885338605
1733902669496095700,7.905095703125,-0.5368377629697323,0.011378156974166631,0.30133411281071604
1733902669506122500,7.91512255859375,-0.3161567842155695,0.024804697845503685,0.1855711599934846
1733902669516148500,7.9251484375,-0.12539923456013202,0.0021400077033787964,0.0299388458635658
1733902669526175700,7.93517578125,-0.1254781450152397,-0.05314546086266637,-0.10693711067438125
1733902669536202800,7.94520263671875,-0.22877368431687353,-0.06301818170994519,-0.20272855795621872
1733902669546229500,7.9552294921875,-0.2838783164232969,-0.013438815831020474,-0.30517975538820025
1733902669556256500,7.965256591796875,-0.19633973370194435,0.04299794166199863,-0.3771276049416512
1733902669566283800,7.97528369140625,-0.022779987084865568,0.09639788874238729,-0.40927755098342894
1733902669576309800,7.985309814453125,0.12103694769740105,0.10128858339339494,-0.41198549476787444
1733902669586336500,7.99533642578125,0.20730770244002342,0.05340747279971838,-0.38872283873260016
1733902669596363500,8.005363525390624,0.26051088483929635,0.022604045996069907,-0.30372451507858933
1733902669606390800,8.015390869140624,0.23247487692236898,0.002101940715312958,-0.12847725376598537
1733902669616417500,8.02541748046875,0.16499416284561155,-0.012065920042619109,0.04429156166911125
1733902669626444500,8.035444580078124,0.09676701431572436,-0.027622239484265444,0.11838314525298774
1733902669636470500,8.045470458984376,-0.0004991816937923431,-0.06575111380517483,0.2426142128165811
1733902669646497800,8.055497802734376,-0.11680851634740828,-0.07170607668682932,0.3867910669524222
1733902669656524500,8.065524658203126,-0.16508301017284394,-0.12347352719455956,0.5133513081159442
1733902669666551600,8.075551513671876,-0.15625906772613524,-0.22955007551684975,0.5778165468290448
1733902669676578600,8.08557861328125,-0.15417290910184384,-0.31520328288301824,0.5836984444744885
1733902669686604800,8.095604736328125,-0.05348375290632248,-0.38406303022801874,0.4499471958283335
1733902669696631600,8.105631591796875,0.15934651234745978,-0.36460999560877677,0.296994695366919
1733902669706658600,8.115658447265625,0.20807576420307158,-0.2952865032095462,0.24826770853362976
1733902669716685600,8.125685546875,0.12188099730610846,-0.20006569542251526,0.2566781748086214
1733902669726712600,8.135712646484375,-0.05631576146185398,-0.09697751526124775,0.3202734988193959
1733902669736739600,8.145739501953125,-0.2859621369600296,-0.0034837504625320433,0.3544005170878023
1733902669746765600,8.155765625,-0.44149873563051223,0.04834916649684309,0.33020569476895034
1733902669756792600,8.16579248046875,-0.4768324993401766,0.06840184750966727,0.2644980547793209
1733902669766819800,8.17581982421875,-0.4260369626045227,0.05926781620047986,0.14511004333272576
1733902669776846600,8.1858466796875,-0.38192660272121426,0.023903657352551816,0.06656703329794109
1733902669786873600,8.19587353515625,-0.36094460496902464,0.02026230517551303,-0.030873131038993595
1733902669796900600,8.205900634765625,-0.34549686046838757,0.009745806531980632,-0.15547800035104153
1733902669806926800,8.2159267578125,-0.316426248806715,-0.02501118020303547,-0.2205675815075636
1733902669816953600,8.22595361328125,-0.2878483890980482,-0.07509221199378371,-0.2777954893782735
1733902669826980600,8.235980712890624,-0.16412907044887542,-0.10579093631394207,-0.2841922046780586
1733902669837007600,8.246007568359374,0.03272387347221374,-0.13359919988960026,-0.2764042542155832
1733902669847034600,8.25603466796875,0.2080874546408653,-0.14013064748495815,-0.28007782816179094
1733902669857060600,8.266060546875,0.3289706730812788,-0.08688413740061222,-0.3081781334865838
1733902669867087600,8.276087646484376,0.41451194450557227,0.0001822246991097927,-0.3382194168113172
1733902669877114600,8.286114501953126,0.42066053026318545,0.11391542525440454,-0.3121347621578723
1733902669887141600,8.2961416015625,0.390869787633419,0.24744937788806853,-0.2651850141301751
1733902669897168600,8.306168701171876,0.3313607830882072,0.36938846205696463,-0.22464805575422941
1733902669907195600,8.316195556640626,0.22261399264335632,0.4481238528586924,-0.17227299474216998
1733902669917221600,8.3262216796875,0.147878192871809,0.47375937550514935,-0.1438479875076562
1733902669927248600,8.33624853515625,0.08143149801790714,0.47651525008454915,-0.15660616413075476
1733902669937275600,8.346275634765625,0.0038578444719314575,0.49120494275949894,-0.13411423673965037
1733902669947302700,8.356302734375,-0.12979776178002356,0.4958185740347951,-0.1372562610924244
1733902669957329400,8.366329345703125,-0.2731424028754234,0.4495030322574079,-0.16741013794615864
1733902669967356700,8.376356689453125,-0.36269933968186374,0.3339415202964097,-0.2156882119681686
1733902669977382700,8.386382568359375,-0.39221886415481566,0.19285232997760177,-0.26278434619661417
1733902669987409700,8.39640966796875,-0.37057694118916984,0.05752089946791529,-0.32000878346860406
1733902669997436400,8.4064365234375,-0.3319090646207332,-0.023622721519321203,-0.35314251638334243
1733902670007463700,8.416463623046875,-0.28791268650591373,-0.07783946487531065,-0.367638403519243
1733902670017490700,8.42649072265625,-0.2109557035535574,-0.0949715092010796,-0.3719551342071965
1733902670027516700,8.4365166015625,-0.13369067756533623,-0.12346643986664711,-0.3433571084933355
1733902670037543400,8.44654345703125,-0.09400047221183776,-0.17535883192829788,-0.28313195503540334
1733902670047570700,8.45657080078125,-0.008566168293356895,-0.20798216763548552,-0.21490221268963067
1733902670057597700,8.46659765625,0.10768179156184196,-0.19447700856998562,-0.14976024375874547
1733902670067624400,8.47662451171875,0.29592005187273024,-0.18566884821429847,-0.11258220388926565
1733902670077651700,8.486651611328124,0.3753957396477461,-0.1879305095359683,-0.07701642152201384
1733902670087677700,8.496677734375,0.313384396892786,-0.1967181385602802,-0.07791041121967136
1733902670097704700,8.50670458984375,0.21884382645487785,-0.19393566823489963,-0.105346261286363
1733902670107731500,8.5167314453125,0.12059037297368048,-0.15252784530855715,-0.09649031626619398
1733902670117758500,8.526758544921876,0.05083411518037319,-0.09824716987088322,-0.018515826834365725
1733902670127785700,8.53678564453125,0.05540215374827385,-0.07454166543893516,0.08193721905034035
1733902670137811700,8.546811767578125,0.06004091946482658,-0.08030717016309499,0.14368132570385933
1733902670147838700,8.556838623046875,0.0647282004982233,-0.12250826235897838,0.17898736115638167
1733902670157865500,8.566865478515625,0.07272153733968734,-0.16298260382749138,0.21721286425217984
1733902670167892700,8.576892822265625,0.10892682318687438,-0.20368870822526514,0.2388396992465481
1733902670177919700,8.586919677734375,0.19033961650431155,-0.20302206101007758,0.2365902398193255
1733902670187946500,8.596946533203125,0.23244097465276717,-0.1585742858659476,0.12893369229659438
1733902670197972500,8.606972412109375,0.19110826278924942,-0.10279263128079473,-0.01362323248721659
1733902670207999700,8.616999755859375,0.05232406147718429,-0.08655548996813595,-0.08055909909754991
1733902670218026800,8.62702685546875,-0.10443769507408142,-0.12054624157100916,-0.0664395709933713
1733902670228053500,8.637053466796875,-0.18983751220107078,-0.16193272944837808,-0.06250657892599701
1733902670238080800,8.647080810546875,-0.28231705845594407,-0.2031025789003819,-0.056835364889167246
1733902670248107800,8.657107666015625,-0.34965748727917667,-0.170933855092898,-0.03621558804549277
1733902670258133200,8.66713330078125,-0.38010523251295086,-0.11430661652907728,-0.04087185288611799
1733902670268160000,8.677159912109374,-0.3400701592445373,-0.05878690081574022,-0.05718823344744742
1733902670278187000,8.68718701171875,-0.2442740357875824,-0.060267933153733605,-0.13049370815493166
1733902670288214300,8.69721435546875,-0.30430794098973274,-0.08979454495459795,-0.1271591569047421
1733902670298241000,8.707240966796874,-0.38060441420674324,-0.1482655847541988,-0.048714931069314474
1733902670308267000,8.71726708984375,-0.39006373194754124,-0.13312990187741816,0.06189389038775116
1733902670318294000,8.7272939453125,-0.32132571128606796,-0.030417715421691534,0.07951970957983284
1733902670328321300,8.7373212890625,-0.12867547975182533,0.04844239773824811,-0.02102247589305043
1733902670338348000,8.74734814453125,0.08247954576611519,0.025978344734758137,-0.1960167122926563
1733902670348375000,8.757375,0.20514789405763148,-0.0408523079354316,-0.3405868765950203
1733902670358402000,8.767402099609376,0.13747662584483622,-0.08778283980600535,-0.4101791759982705
1733902670368428300,8.77742822265625,-0.07710311342477798,-0.09260222278647125,-0.38470874425303186
1733902670378455000,8.787455078125,-0.30692075383663175,-0.08533975750282406,-0.2502775870513171
1733902670388482000,8.79748193359375,-0.3922340617239475,-0.08561360600814223,-0.08776946886777877
1733902670398509000,8.807509033203125,-0.09406652318537234,-0.04636025770194828,0.0069340370468795294
1733902670408536300,8.817536376953125,0.23147066831588745,-0.005037190449610352,-0.03674830668270588
1733902670418563000,8.82756298828125,0.2662204946577549,0.013382190272957086,-0.14026439339984206
1733902670428589000,8.837589111328125,0.10979425367116928,0.005608268335834145,-0.21275340062528847
1733902670438616000,8.847615966796875,-0.19139701660275457,-0.030893589305132627,-0.2065285712936893
1733902670448643300,8.857643310546875,-0.4284574677497148,-0.07002214218787849,-0.1482550268275663
1733902670458670000,8.867670166015625,-0.2939735939800739,-0.08412935879975557,-0.08314078615382313
1733902670468697000,8.877697021484375,0.028141221857070922,-0.05501154699549079,-0.0401488723738119
1733902670478723000,8.88772314453125,0.22693360940814017,-0.03608319383747875,-0.014263028228096664
1733902670488750300,8.897750244140624,0.19883681121468544,0.022850933429226276,-0.05160670698806643
1733902670498777000,8.907777099609374,-0.01191430967748165,0.09933401525951921,-0.12129768099281936
1733902670508804000,8.91780419921875,-0.3727706518411636,0.12187054897733032,-0.11482161684650927
1733902670518831000,8.9278310546875,-0.5620540372908115,0.12283764044381677,-0.031495500721037385
1733902670528858000,8.937858154296874,-0.5051999311685562,0.10276282066442072,0.04470748552624136
1733902670538884000,8.947884033203126,-0.3718348322957754,0.0836900905996561,0.1193306917687878
1733902670548911000,8.9579111328125,-0.24972119527757167,0.06982391620203852,0.11738255337569863
1733902670558938000,8.967938232421876,-0.06243512112498283,0.03160992088094353,0.007596154217422008
1733902670568965000,8.977965087890626,-0.06744564276337624,0.015015344432741403,-0.12169979552030563
1733902670578992000,8.9879921875,-0.19722353079915045,0.016127981849759818,-0.18635083912909028
1733902670589018000,8.99801806640625,-0.24571838937699794,0.09012684564888476,-0.1635583578888327
1733902670599045000,9.008045166015625,-0.2653542332172394,0.1827140900619328,-0.11838044183924794
1733902670609072000,9.018072021484375,-0.13128595451116562,0.2274919739432633,-0.034588352169841526
1733902670619099100,9.02809912109375,-0.009498480707406998,0.20749679527133702,-0.012081409872695802
1733902670629126100,9.038126220703125,0.025662849044799804,0.2390671147942543,0.04098404455631971
1733902670639153200,9.048153076171875,0.12905191184878348,0.23704642262160777,0.054277168306335805
1733902670649179100,9.05817919921875,0.2311409979701042,0.20775310811996459,0.05738434054143726
1733902670659206100,9.0682060546875,0.1958931589782238,0.19687939353659747,0.05814261156283319
1733902670669233200,9.078233154296875,0.04765840775370597,0.225830762732774,0.0702369539823383
1733902670679260000,9.088260009765625,-0.05312018029093742,0.2641002876333892,0.07023074343726038
1733902670689287200,9.098287109375,0.042459670066833495,0.27387641623839737,0.06526720274575054
1733902670699313200,9.108313232421875,0.09909808761179446,0.279041251655668,0.008564487792924047
1733902670709340200,9.118340087890624,0.09539514144062995,0.2513829910099506,-0.06206314600743353
1733902670719367000,9.128366943359374,0.02708206819295883,0.23746333285942672,-0.08912365995571017
1733902670729394200,9.138394287109374,-0.11253741489946842,0.16762041969597338,-0.01322451549321413
1733902670739421200,9.148421142578124,-0.16684300558269022,0.11396613252833485,0.1283964436147362
1733902670749448000,9.158447998046874,-0.06325637437999249,0.08786109267398715,0.1953619016457349
1733902670759474000,9.168473876953126,0.06624269671440124,0.027600831370055673,0.1970272775746882
1733902670769501200,9.178501220703126,0.17082009252011776,0.05332783169224858,0.1977086839675903
1733902670779528200,9.188528076171876,0.09682488198280334,0.07963628516420722,0.10575842228382826
1733902670789555200,9.19855517578125,-0.12639525986015795,0.08695259952694177,0.0458682364013046
1733902670799582200,9.208582275390626,-0.27147183931469915,0.09848974645510315,0.03655358782820403
1733902670809609200,9.218609130859376,-0.344599034845829,0.11790624845623969,0.050786549711599946
1733902670819635200,9.22863525390625,-0.438774279102683,0.1554614876076579,0.11147943027913569
1733902670829662200,9.238662109375,-0.325111659565568,0.18876959070861338,0.16842428342476487
1733902670839689000,9.24868896484375,-0.1293646310597658,0.13641235761418938,0.2469859981600195
1733902670849716200,9.25871630859375,-0.022326982620358465,-0.05767389807254076,0.3877701411176473
1733902670859743200,9.2687431640625,0.08475567400455475,-0.2949341095753014,0.40195911772884424
1733902670869769200,9.278769287109375,0.04568623089790344,-0.5112140768915414,0.25194340137168764
1733902670879796000,9.2887958984375,-0.3518739942848682,-0.6440104359656572,0.11594115892834961
1733902670889823200,9.2988232421875,-0.7894248690724373,-0.6553953149415552,0.09850772050321102
1733902670899850200,9.308850341796875,-0.9040589639902115,-0.6615630437910557,0.1467541572779417
1733902670909877000,9.318876953125,-0.548735121512413,-0.6421732836663723,0.11924334227889775
1733902670919904300,9.328904296875,0.038676644396781916,-0.5743843804232776,0.10317490859664975
1733902670929930200,9.33893017578125,0.5503653530627489,-0.5472402067795396,0.07285378541722894
1733902670939957200,9.348957275390624,0.7053145072340965,-0.5179610669337212,-0.032558819103613496
1733902670949984000,9.35898388671875,0.3955231663972139,-0.46966509192883965,-0.14231968196183442
1733902670960011300,9.36901123046875,-0.12227847219109535,-0.3723161860719323,-0.1656248619645834
1733902670970038300,9.379038330078124,-0.5229723192244767,-0.22150442396625875,-0.056660337115824216
1733902670980065000,9.38906494140625,-0.6002841069638729,-0.04115618625283241,0.02241970240511
1733902670990091000,9.399091064453126,-0.4162129032045603,0.1404467276968062,0.09489150276742875
1733902671000118000,9.409117919921876,0.08189677744209765,0.2179673358812928,0.12159874629862606
1733902671010145300,9.419145263671876,0.5937924068570136,0.1722062861815095,0.07753339460082352
1733902671020172000,9.429172119140626,0.779891317051649,-0.013100596852600574,-0.07062960656173527
1733902671030199000,9.439198974609376,0.5336369211018085,-0.2273018581986427,-0.09536021625772118
1733902671040225000,9.44922509765625,0.16014906090199946,-0.2983931639879942,-0.11679185747355222
1733902671050252300,9.459252197265625,-0.14809446597099304,-0.19963760620355606,-0.15452822534553706
1733902671060279000,9.469279052734375,-0.42071313723325726,0.021021891371160745,-0.15525931609906254
1733902671070306000,9.47930615234375,-0.48829029742181296,0.24447160418629646,-0.14691336642764508
1733902671080333300,9.489333251953125,-0.18189853589534757,0.31471929875835775,-0.15300554582290352
1733902671090360000,9.499360107421875,0.260854583710432,0.31629385459870096,-0.2030229377929121
1733902671100386000,9.509385986328125,0.5040595289617776,0.21779753227233886,-0.2384454392319545
1733902671110413000,9.5194130859375,0.36691374250650405,-0.00003463292196393013,-0.18956041229274123
1733902671120440300,9.5294404296875,0.07636369323432445,-0.21527999649345875,-0.17967033845186234
1733902671130467000,9.539467041015625,-0.3196984023451805,-0.22145985417217015,-0.19975929635446518
1733902671140494000,9.549494140625,-0.7039280213117599,-0.015864216347038745,-0.22105006779488176
1733902671150520000,9.55952001953125,-0.8014122439861298,0.29354397039115426,-0.23262393000423906
1733902671160547000,9.569547119140625,-0.317580679538846,0.5600269153773785,-0.38746702998522664
1733902671170574000,9.579573974609374,0.3789046245515346,0.6937427273839711,-0.574925501562655
1733902671180601000,9.58960107421875,0.7498737799286842,0.6417404452070593,-0.7701598313059658
1733902671190628000,9.599628173828124,0.5896107372581958,0.5248674853213131,-0.8627547475688159
1733902671200655000,9.609655029296874,0.10109422986507414,0.367436012814939,-0.8193261594045906
1733902671210681000,9.61968115234375,-0.38560441445112226,0.22351415635347366,-0.7581622272592038
1733902671220708000,9.6297080078125,-0.7401368142902851,0.20473975164815783,-0.5705065891418606
1733902671230735000,9.639735107421876,-0.8870119675993919,0.31064854218810795,-0.3003902926219627
1733902671240762000,9.64976220703125,-0.732954793831706,0.4341415047354996,-0.09118406308423727
1733902671250789600,9.65978955078125,-0.19351707749664782,0.47119405506178735,0.0721062184529379
1733902671260815600,9.669815673828126,0.490531938868761,0.3876556478925049,0.04161266131605953
1733902671270842600,9.679842529296875,0.8634241712629794,0.285468069832772,-0.059913164899311956
1733902671280869400,9.689869384765625,0.8517144442468881,0.1496064779691398,-0.2100269713360816
1733902671290896600,9.699896728515625,0.4386053522765636,0.05695683584436774,-0.31802648707758635
1733902671300923600,9.709923583984375,-0.13930676388144492,0.017207155388593673,-0.3936652635708451
1733902671310950400,9.719950439453125,-0.5141875397443771,0.030903233916312455,-0.3528639917029068
1733902671320976400,9.729976318359375,-0.5251742131829261,0.10806158465966581,-0.1812742665171623
1733902671331003400,9.74000341796875,-0.3095511023402214,0.15533230827003716,-0.006979483623802661
1733902671341030700,9.75003076171875,-0.019919336956739423,0.15912074076756835,0.10223145373407751
1733902671351057400,9.760057373046875,0.2234726552993059,0.17001242939904332,0.10351210466176271
1733902671361084400,9.77008447265625,0.3111246352672577,0.14370134557858108,0.0003017594255506992
1733902671371111700,9.780111572265625,0.2053518921971321,0.1216746610790491,-0.043591541907284405
1733902671381137700,9.7901376953125,-0.09082651835083962,0.10248305387496948,-0.010109781006164848
1733902671391164400,9.800164306640625,-0.35860417932271954,0.10442425107061862,0.05194604021133855
1733902671401191400,9.81019140625,-0.3927911110848188,0.13229469316229223,0.14409180620089174
1733902671411218700,9.82021875,-0.1332072779625654,0.11929492633566259,0.22126858765007926
1733902671421245700,9.83024560546875,0.19430092135071753,0.07558686364293098,0.23892558743171394
1733902671431271700,9.840271728515624,0.4553752852916717,0.05137859732061624,0.14749032606538384
1733902671441298400,9.85029833984375,0.5170949516236781,-0.007950959004461765,0.03830717176357284
1733902671451325700,9.86032568359375,0.29208441923260686,-0.03023088761270046,-0.10323074870342389
1733902671461352700,9.870352783203124,0.01106558389365673,0.0029342998862266537,-0.1851694473247975
1733902671471379500,9.88037939453125,-0.24725159029364585,0.08294277936369181,-0.17817617263766006
1733902671481406500,9.890406494140626,-0.4297948538333177,0.13427213071510194,-0.14712562093883752
1733902671491432400,9.900432373046876,-0.4507061244368553,0.1245700902596116,-0.06082344814464449
1733902671501459700,9.910459716796876,-0.3457002740859985,0.042078854055702684,0.0010008841382339597
1733902671511486500,9.920486572265625,-0.1407891113936901,-0.054567018098384136,-0.011834339776448904
1733902671521513500,9.930513427734375,0.2778320219963789,-0.1364367614030838,-0.05357484698956832
1733902671531540700,9.940540771484375,0.5741472106665373,-0.11295914744287729,-0.1463033082379028
1733902671541567500,9.9505673828125,0.45158290727138517,0.027590017715096473,-0.3021989494791254
1733902671551593500,9.960593505859375,0.15312135422229767,0.17359072627723215,-0.4234913697749376
1733902671561620500,9.970620361328125,-0.13046996195316313,0.22957520995810626,-0.4866427494104951
1733902671571647700,9.980647705078125,-0.20050912834107876,0.1312763098999858,-0.45961562627516683
1733902671581674500,9.990674560546875,-0.07619476640820502,-0.05978197626769542,-0.37123087505325675
1733902671591701500,10.000701416015625,0.324261180216074,-0.2672799405828118,-0.2877039391260594
1733902671601727500,10.0107275390625,0.7016109765410423,-0.45422509234324093,-0.28139680180586873
1733902671611754800,10.020754638671875,0.6286614756643771,-0.4863377020493149,-0.4046139430865645
1733902671621781500,10.030781494140625,0.13624503822326658,-0.3669526132121682,-0.4950757563108578
1733902671631808500,10.04080859375,-0.4667342991739511,-0.15252251154631374,-0.48103491946607824
1733902671641835500,10.05083544921875,-0.8471183486282825,0.11325053160488605,-0.3711396896384656
1733902671651862500,10.060862548828124,-0.8880775510042905,0.3443075045533478,-0.20850370729155837
1733902671661888500,10.070888427734374,-0.6682499742090702,0.4094777497306466,0.03585457271337509
1733902671671915500,10.08091552734375,-0.3744388773143291,0.3249386410862207,0.2396754924835637
1733902671681942500,10.090942626953124,0.0005231470912694931,0.22229572047442198,0.2247067636715248
1733902671691969500,10.100969482421876,0.22955577460527418,0.18520839109569787,0.016581242042593657
1733902671701996500,10.11099658203125,0.1821206542134285,0.16832155370265245,-0.21562906565945594
1733902671712022500,10.1210224609375,0.01652326477766037,0.18598799716606734,-0.3409455173069611
1733902671722049500,10.131049560546876,0.0037339258313179016,0.2347777470372617,-0.35514563636668023
1733902671732076500,10.14107666015625,-0.005166004461050033,0.2695524155594408,-0.3070204148188233
1733902671742103600,10.151103515625,-0.2424608488857746,0.23969869069606065,-0.22843407709896563
1733902671752130600,10.161130615234375,-0.5666863732665777,0.17042524798363445,-0.13909480163119733
1733902671762157600,10.171157470703125,-0.8476578623324632,0.08534647950455546,-0.010394041307643055
1733902671772183600,10.18118359375,-0.918621742349863,0.0069517188340425485,0.19527597692795096
1733902671782210600,10.19121044921875,-0.7886895405352116,0.0032099019572138783,0.3982031627288088
1733902671792237600,10.201237548828125,-0.639973143273592,-0.010315788439661263,0.6008217209719121
1733902671802264600,10.2112646484375,-0.2977192102491855,-0.034891719030588866,0.8288554005764425
1733902671812291600,10.22129150390625,0.18617255995273588,-0.07213000118732452,0.9444804062277078
1733902671822318600,10.231318603515625,0.6779343328773975,-0.1331114163726568,0.8856750929724424
1733902671832344600,10.241344482421875,0.9555535889059305,-0.10729206159189343,0.6423650068461895
1733902671842371600,10.25137158203125,0.7374339850723743,-0.020946195786446332,0.29460991912223394
1733902671852398600,10.261398681640625,0.14114333165884016,0.0005171557419002056,0.0283760169936344
1733902671862425600,10.271425537109375,-0.2832861957490444,-0.010316665222495794,-0.1120775788353756
1733902671872452600,10.28145263671875,-0.39153497354388234,0.0008902268379926681,-0.16812095309663563
1733902671882478600,10.291478515625,-0.2657049463510513,-0.0012865326792001724,-0.0929516572786495
1733902671892505600,10.301505615234374,0.025118074643611907,0.015652181031554937,0.03797689862959087
1733902671902532600,10.31153271484375,0.215385794955492,0.12223112591803073,0.08160104589853436
1733902671912559600,10.3215595703125,0.15984569404125212,0.2958890722125769,0.0030137217979878186
1733902671922586400,10.33158642578125,-0.0043313072025775905,0.40775925537496804,-0.09821991653777658
1733902671932613600,10.341613525390626,-0.1647305434733629,0.3923670404538512,-0.13646532991044222
1733902671942639600,10.3516396484375,-0.19991350053548812,0.3271379046961665,-0.15269319193810224
1733902671952666600,10.36166650390625,-0.11420447132885456,0.17892346560731529,-0.1887406568750739
1733902671962693400,10.371693359375,-0.1904769791483879,0.016286971803754567,-0.22609657406210898
1733902671972720600,10.381720703125,-0.37243688984215256,-0.048273470912128684,-0.265837925080955
1733902671982747600,10.39174755859375,-0.41055180870294566,-0.005716185689717531,-0.24573482905514538
1733902671992773600,10.401773681640625,-0.4020107748508453,0.037680034574866295,-0.2228529159657657
1733902672002800400,10.41180029296875,-0.4320663058966398,0.09791238495856523,-0.11986359306909143
1733902672012827600,10.42182763671875,-0.30841829891800876,0.1558309054419398,-0.0673387483227998
1733902672022854700,10.431854736328125,-0.19398294144272804,0.1948163235269487,-0.0811618872962892
1733902672032881400,10.44188134765625,-0.22512743676900862,0.17731091584414244,-0.10883804892487824
1733902672042908400,10.451908447265625,-0.24545184739530085,0.12851838949397207,-0.15027641311995685
1733902672052934700,10.4619345703125,-0.19247838209867477,0.0832154588252306,-0.14206008117757737
1733902672062961700,10.471961669921875,0.05702829364538192,0.08869973545521498,-0.13237988722771404
1733902672072988400,10.481988525390625,0.3241261556595564,0.0764294519469142,-0.16581790031865237
1733902672083015400,10.492015380859375,0.32200551024377344,0.06986103334203363,-0.19909801943413913
1733902672093042700,10.502042724609375,0.07947393420934677,0.11857654893323778,-0.20659560864791274
1733902672103068700,10.512068603515624,-0.16236732147336005,0.1918501671977341,-0.20236644664555786
1733902672113095400,10.522095458984374,-0.31819150491356846,0.2291939555555582,-0.14160744203925132
1733902672123122400,10.532122314453124,-0.40137832216620445,0.2186201007016003,-0.01638115289323032
1733902672133149700,10.542149658203124,-0.4044634286999702,0.16610928448066115,0.11002177881672978
1733902672143176400,10.552176513671874,-0.24656886872649192,0.014607202023267745,0.18540259849354623
1733902672153203500,10.562203369140626,0.018844985723495484,-0.16241393709406254,0.19867365654222666
1733902672163229400,10.5722294921875,0.29708441947698594,-0.3378806863762438,0.09647080784812569
1733902672173256700,10.582256591796876,0.5631617062717675,-0.4502503434933722,-0.06662877342253923
1733902672183283500,10.592283447265626,0.6562462326824665,-0.4291575788430869,-0.16918664609938858
1733902672193310500,10.602310546875,0.5556885939121246,-0.3272144770637154,-0.21850158888846635
1733902672203337500,10.61233740234375,0.30666122611761093,-0.2190305811986327,-0.13992679547592995
1733902672213363700,10.62236376953125,0.01729015749692917,-0.07046995902061462,-0.031958405525051053
1733902672223390500,10.632390380859375,-0.18636895930767058,0.1736227288506925,0.014792312799207865
1733902672233417500,10.64241748046875,-0.279077638143301,0.340174350271374,0.10284816086031497
1733902672243444500,10.652444580078125,-0.13187398353219032,0.42259281350001693,0.14431016165930777
1733902672253471000,10.662470947265625,0.10206570524573326,0.39138358237445353,0.1710249674424529
1733902672263497700,10.672497802734375,0.21272037513852118,0.24139614226371048,0.21370427160933614
1733902672273523700,10.682523681640625,0.16540215912461279,0.07673179589435458,0.1856467825129628
1733902672283551000,10.692551025390625,0.02605038705766201,-0.0695145579919219,0.11328421467877924
1733902672293578000,10.702577880859375,-0.1942716952562332,-0.11655249575972557,0.09899488296564668
1733902672303604700,10.712604736328124,-0.34869594877064225,-0.14464491003900765,0.1216982246177271
1733902672313631700,10.7226318359375,-0.28240824387073515,-0.09241524884700775,0.16364830119460821
1733902672323658000,10.732657958984374,-0.019528876334428787,-0.05109539646506309,0.16681140486802906
1733902672333685000,10.74268505859375,0.1464016905784607,-0.13360606802180408,0.10019275098070501
1733902672343711700,10.752711669921876,0.0369914677888155,-0.3217966897986829,-0.0370738853752613
1733902672353738800,10.76273876953125,-0.2032218944311142,-0.49698447600901124,-0.15256909063439816
1733902672363766000,10.77276611328125,-0.40147301471233365,-0.6080177699558437,-0.22609171522390095
1733902672373792800,10.782792724609376,-0.43887423234581946,-0.5424586715914309,-0.2256052468812093
1733902672383818800,10.79281884765625,-0.36104397369027136,-0.37887174519523975,-0.20991269730664788
1733902672393845800,10.802845703125,-0.16975217102766035,-0.1682828291274607,-0.16964158679265529
1733902672403873000,10.812873046875,0.041319852381944654,0.03184343737587333,-0.036997239942476154
1733902672413899800,10.822899658203125,0.17125439228415487,0.2103143369100988,0.0823628240512684
1733902672423926800,10.8329267578125,0.20363222879767418,0.29119302335083486,0.09036494698738678
1733902672433952800,10.842952880859375,0.11233984650075435,0.2843772058561444,-0.05660500846570357
1733902672443980000,10.85297998046875,-0.027034137398004532,0.2412503040522337,-0.23370405339114367
1733902672454006800,10.8630068359375,-0.10328969408273696,0.2081637347474694,-0.2985505099741742
1733902672464033800,10.87303369140625,-0.12544132013618944,0.20732743005380033,-0.27095630927430464
1733902672474060800,10.883060791015625,-0.07558569459915161,0.21002368340045213,-0.19788895417163146
1733902672484088000,10.893088134765625,-0.025535423272848128,0.18145678347721694,-0.15376060197390615
1733902672494114000,10.903114013671875,0.017495909202098845,0.12465367688983678,-0.14042959389891474
1733902672504140800,10.913140869140625,0.08451309742033482,0.03293400909155607,-0.2017497395193204
1733902672514167800,10.923167724609375,0.08453004855513573,-0.025700404576212168,-0.2327916147213429
1733902672524195000,10.933195068359375,0.014144845208525656,-0.1259216509990394,-0.22124387333393095
1733902672534221800,10.943221923828125,-0.10034370375871658,-0.13678352901414037,-0.2287889184186235
1733902672544248800,10.953248779296874,-0.2043850929915905,-0.08988412293419241,-0.1827843422865495
1733902672554274800,10.96327490234375,-0.19354104289412496,-0.006144640234857797,-0.08336137010194361
1733902672564302000,10.973302001953124,-0.06265373231172561,0.10009893521741033,0.014651771817356347
1733902672574328800,10.983328857421874,0.12101415134370326,0.21006723028123378,0.12010558513142168
1733902672584355800,10.99335595703125,0.3016881138801574,0.27242782486528155,0.2062146830389276
1733902672594382800,11.0033828125,0.32247955749630924,0.20177534888461232,0.2394459580440074
1733902672604409000,11.0134091796875,0.23218027788996695,0.09360635832771658,0.11407868952471763
1733902672614435800,11.023435791015626,0.13870996703207492,0.035898411855101585,-0.07059121078010648
1733902672624462800,11.033462890625,0.05073533098101616,0.018069032914936542,-0.15230086815226823
1733902672634489900,11.04348974609375,-0.039838089391589164,0.0385097633972764,-0.14335450490228832
1733902672644516900,11.053516845703125,-0.11134557476639748,0.05587693165317177,-0.05423219665344804
1733902672654544000,11.0635439453125,-0.13703180468678475,0.043840895292162896,0.009677782797068357
1733902672664569900,11.07356982421875,-0.09585223755836486,0.009987141007184982,0.005505977005138993
1733902672674596900,11.083596923828125,-0.0839689075410366,-0.011777969946712255,-0.010935125914402306
1733902672684624000,11.093623779296875,-0.11289455777406691,-0.046731794428080314,-0.04209288258105516
1733902672694651000,11.10365087890625,-0.12372808647751807,-0.05888108190521597,-0.06288958689421414
1733902672704678000,11.113677978515625,-0.16687866141796112,-0.07193097148388623,-0.04993033474106341
1733902672714704000,11.123703857421875,-0.23821605092287063,-0.08963803921863436,-0.011942878184840083
1733902672724731000,11.13373095703125,-0.18070552671849727,-0.11507540894448756,-0.04249704293515533
1733902672734758000,11.1437578125,-0.11220949811935424,-0.15314955740347505,-0.08124540086127817
1733902672744785000,11.153784912109375,-0.0975321534693241,-0.19077756953015923,-0.08656243116557598
1733902672754811600,11.163811767578125,-0.08174889340400696,-0.18839067439362406,-0.05335219894852489
1733902672764839000,11.1738388671875,-0.08980185147821902,-0.14785700395330786,-0.06650390493385494
1733902672774865000,11.183864990234374,-0.16707389172911644,-0.13756854191198944,-0.07627740319035947
1733902672784892000,11.193891845703124,-0.25298984168469907,-0.16857165600620208,-0.08802158046532421
1733902672794918700,11.203918701171874,-0.3121598235338926,-0.2470387512605637,-0.1620752431916073
1733902672804946000,11.21394580078125,-0.31191841599345205,-0.37655133942365643,-0.2737530821196735
1733902672814973000,11.223972900390624,-0.27956863653063774,-0.494059674603492,-0.3383378190265968
1733902672824999000,11.2339990234375,-0.30029110656380653,-0.5728055867992341,-0.3105294093204662
1733902672835025700,11.244025634765626,-0.3113052525311708,-0.5798160500831901,-0.20474859254173933
1733902672845053000,11.254052978515626,-0.2635094821333885,-0.5431562984667718,-0.09152531426995993
1733902672855080000,11.264079833984376,-0.26362521746754647,-0.49160059101358056,-0.008880020015500485
1733902672865107000,11.27410693359375,-0.2740133404910564,-0.4118849570028484,-0.03361841115914285
1733902672875134000,11.284134033203125,-0.3129062579870224,-0.34538507065698504,-0.12807404325995594
1733902672885160000,11.294159912109375,-0.39723406196832656,-0.2893972259752452,-0.21534579173866658
1733902672895187000,11.30418701171875,-0.4044546608716249,-0.21013459642902016,-0.2403093699403107
1733902672905214000,11.3142138671875,-0.2985059767127037,-0.07809796968102455,-0.199662886775285
1733902672915240700,11.32424072265625,-0.08693243352174758,0.01605374756976962,-0.08876100065577774
1733902672925268000,11.33426806640625,0.23582652543783186,0.08424480187296866,0.003265358471497893
1733902672935294000,11.3442939453125,0.438440517103672,0.1215659400075674,0.05345540359467268
1733902672945321000,11.354321044921875,0.48196167892217634,0.10853957743495703,0.02415346739515662
1733902672955347700,11.36434765625,0.3793167124837637,0.040922377496957776,-0.03563585192877799
1733902672965375000,11.374375,0.21146131498813628,-0.05951484976410865,-0.08754157839603721
1733902672975402000,11.384402099609375,0.09480185172259807,-0.13682590685114263,-0.11364840834867208
1733902672985428700,11.3944287109375,0.29480361506342884,-0.17885025424063206,-0.1486092470927164
1733902672995454700,11.404454833984374,0.6875462108314037,-0.19368468914851544,-0.16719744504354894
1733902673005482000,11.41448193359375,0.7765759088933467,-0.20814050000235437,-0.17840886714868245
1733902673015509000,11.424509033203124,0.44843701046109197,-0.22429054755344985,-0.17173391942940652
1733902673025535700,11.43453564453125,-0.06970306630134582,-0.2181650504104793,-0.10898691934365778
1733902673035563000,11.44456298828125,-0.6389321097880601,-0.19747239099368452,-0.11553904440086334
1733902673045589000,11.454589111328126,-1.0248714552819729,-0.18512787320539353,-0.0954258653724566
1733902673055616000,11.464615966796876,-1.0644447562575339,-0.21121260092407465,0.002218370169214904
1733902673065642800,11.474642822265626,-0.7835171063333749,-0.19364684135615826,0.11031911779548972
1733902673075669800,11.484669677734376,-0.5042050749123096,-0.1427387841567397,0.15869637787565588
1733902673085697000,11.494697021484376,-0.2570101832419634,0.0104078506372869,0.1326569871360436
1733902673095723800,11.504723876953125,-0.12680150257349013,0.21567221068143844,0.0816809427343309
1733902673105749800,11.514749755859375,-0.1559738210439682,0.4222887159869075,0.06623071401566266
1733902673115776800,11.52477685546875,-0.2147626946210861,0.5920993392035365,0.1566125573389232
1733902673125804000,11.534803955078125,-0.26455110014081,0.7738705954574048,0.27452786588445305
1733902673135830800,11.544830810546875,-0.2466051090836525,0.9175555744230747,0.3446872976511717
1733902673145857800,11.55485791015625,-0.21237316913604734,1.0175153934307395,0.38703883116841314
1733902673155883800,11.5648837890625,-0.12961889808177948,1.0167112374410032,0.40989809403456745
1733902673165911000,11.5749111328125,0.0011076689809560775,0.9150878691352903,0.39300884548872705
1733902673175937800,11.584937744140625,0.18148527891933916,0.6772603791385888,0.32060382675230503
1733902673185964800,11.59496484375,0.314430691075325,0.40309111743345855,0.18430640075467525
1733902673195992000,11.604991943359375,0.3627981238812208,0.15949936482161284,0.024675007051229474
1733902673206018800,11.615018798828125,0.39295945338904853,0.04396466780230403,-0.17844711679983882
1733902673216044800,11.625044921875,0.3002653876006603,0.0069395900048315525,-0.3917036081090569
1733902673226071800,11.63507177734375,0.05715805750489235,0.02754895505234599,-0.5237988331764936
1733902673236098800,11.645098876953124,-0.2024491564929485,0.08027940537333488,-0.49375667306892573
1733902673246125800,11.655125732421874,-0.38820202972888945,0.15123159495294095,-0.3790420602608472
1733902673256153900,11.66515380859375,-0.42859483039379115,0.1758180469378829,-0.19620332090593873
1733902673266179800,11.675179931640624,-0.27488018645346163,0.13122209549471736,0.037624797256290914
1733902673276206800,11.685206787109376,0.05149287135004997,0.046236850517988204,0.2150771673977375
1733902673286233600,11.695233642578126,0.3154658793419599,-0.015645020638406275,0.2820961091816425
1733902673296260900,11.7052607421875,0.3218435976803303,-0.0190435770355165,0.22969109142273664
1733902673306287900,11.715287841796876,0.1995142720848322,-0.012613397857546806,0.14578370481058955
1733902673316314600,11.725314697265626,-0.007384849554300308,0.04320201286673546,0.04136098810993135
1733902673326340600,11.735340576171875,-0.1891138741016388,0.09861892579272388,-0.006391235407069325
1733902673336367900,11.745367919921875,-0.26382629299759863,0.10696735968217252,0.017231851438432932
1733902673346395000,11.755394775390625,-0.23281974483728407,0.09671616091132164,0.07363821379318833
1733902673356421600,11.765421630859375,-0.06590075140893459,0.018183891466259955,0.13399937818832694
1733902673366448600,11.77544873046875,0.1328372756063938,-0.10459142433106898,0.15576646190360188
1733902673376475000,11.785474853515625,0.21463409980535506,-0.1897039489492774,0.11938377366289496
1733902673386502000,11.795501953125,0.13676876983642577,-0.23206658838242292,0.05660736481957137
1733902673396528600,11.805528564453125,0.016477672070264817,-0.18226006268411873,-0.01650550992526114
1733902673406555600,11.8155556640625,-0.05739654243588447,-0.12011340311169624,-0.09440035824961959
1733902673416583000,11.8255830078125,-0.13751520428955555,-0.022205402067303655,-0.18727526049762963
1733902673426609700,11.835609619140625,-0.11692425168156623,0.03773760998100042,-0.2380431055087596
1733902673436635600,11.8456357421875,-0.07972878575325011,0.07387538354992866,-0.2965615646466613
1733902673446662700,11.85566259765625,-0.034033787027001376,0.09330708312019705,-0.2815406672559678
1733902673456690000,11.86568994140625,0.021956980264186857,0.09728650814518332,-0.26163630867265164
1733902673466716700,11.875716552734374,-0.010227379503846168,0.11797682947441934,-0.2454791737936437
1733902673476743700,11.88574365234375,-0.07423077285885811,0.0990146471120417,-0.2282724567964673
1733902673486769700,11.895769775390624,-0.0924608415544033,0.08204203113168478,-0.20977292350977658
1733902673496797000,11.905796875,-0.031067338436841962,0.042802492155134673,-0.23694040496386587
1733902673506823700,11.91582373046875,0.05199672921895981,0.0030509120032191275,-0.27473106030635536
1733902673516850700,11.9258505859375,0.03046761897802353,-0.009255319601297378,-0.2819864382620901
1733902673526877700,11.935877685546876,-0.07096504906117916,0.02232829779461026,-0.2797281379412859
1733902673536904700,11.94590478515625,-0.2105798559784889,0.03886383753195405,-0.20012641263380646
1733902673546930700,11.9559306640625,-0.3369698551416397,0.0367997446089983,-0.1093880109578371
1733902673556957700,11.965957763671875,-0.39142274534106253,-0.05884279572144151,0.01881086425818503
1733902673566984700,11.975984619140625,-0.43905601865351196,-0.024571838937699795,0.14558197169341147
1733902673577011700,11.98601171875,-0.43721302113533017,-0.052628743512183426,0.28416933525912463
1733902673587038700,11.996038818359375,-0.4234305794984102,-0.09458747831955551,0.3667858052778989
1733902673597064700,12.006064697265625,-0.39254152023792266,-0.13286065648198128,0.4008675230998546
1733902673607091700,12.016091796875,-0.32336803076863285,-0.15855346227362752,0.4462801977533847
1733902673617118700,12.02611865234375,-0.21399346381425857,-0.15478402673751115,0.41245420825816687
1733902673627145700,12.036145751953125,-0.14996318245232104,-0.11459303225502371,0.3988599096044898
1733902673637172700,12.0461728515625,-0.16010288367271422,-0.08246244850084185,0.3979189024273306
1733902673647199700,12.05619970703125,-0.19286299750208855,-0.0476497860558331,0.3774539142865687
1733902673657225700,12.066225830078125,-0.19450082783699035,-0.008333820842206477,0.3606580796452239
1733902673667252700,12.076252685546875,-0.11066285319924354,-0.009709054718166589,0.3134822312440723
1733902673677279700,12.08627978515625,0.0630161358833313,-0.03821910988762975,0.22649598517585545
1733902673687306800,12.096306640625,0.27588205697238444,-0.0440367101252079,0.04052990758065134
1733902673697333800,12.106333740234374,0.3802595462918281,-0.045273996835201974,-0.14847973896153271
1733902673707359700,12.11635986328125,0.3220423351228237,-0.007358253808319568,-0.31434403570517894
1733902673717386800,12.12638671875,0.19092472291588783,0.03664221595972776,-0.4056724026309326
1733902673727413800,12.136413818359374,0.08261749293208122,0.10581015247106551,-0.4171501475220546
1733902673737440800,12.146440673828126,0.024649288088083265,0.15239040959924458,-0.4233214200355112
1733902673747467800,12.1564677734375,-0.008994622838497161,0.1919561117902398,-0.38486524998899546
1733902673757494800,12.166494873046876,-0.0028618191719055174,0.16041545675322413,-0.36877895185649395
1733902673767520800,12.176520751953126,0.038003859701752664,0.15047814623713493,-0.3693679307255894
1733902673777547800,12.1865478515625,0.11785773313939571,0.12198840320333838,-0.34125432752780616
1733902673787574800,12.19657470703125,0.1841542058676481,0.10529650386050343,-0.3420592872351408
1733902673797601800,12.206601806640625,0.12770634245872498,0.11559651020914316,-0.3151959032941609
1733902673807628800,12.21662890625,0.027001988694071766,0.15469810201972722,-0.31494740842580793
1733902673817654800,12.22665478515625,-0.05592120918631553,0.21514102641418575,-0.3213323602225631
1733902673827681800,12.236681884765625,-0.15010755935907363,0.2415529402606189,-0.3446206986883655
1733902673837708800,12.246708740234375,-0.1587929701179266,0.24050489251241086,-0.37777715489156544
1733902673847735600,12.256735595703125,-0.14634148482382298,0.2529765438117087,-0.40176936731040475
1733902673857762800,12.2667626953125,-0.12557634469270706,0.24042218266502022,-0.4614901149101555
1733902673867789800,12.276789794921875,-0.16889292384982107,0.2577029878117144,-0.48919590449202804
1733902673877815800,12.28681591796875,-0.27380232808887955,0.3177669958911836,-0.47141423715110864
1733902673887842600,12.296842529296875,-0.3350397638618946,0.3570388297021389,-0.35949506374783813
1733902673897869800,12.306869873046875,-0.2746937239706516,0.3249222744733095,-0.1888136125134304
1733902673907896800,12.316896728515625,-0.11119827525019645,0.21811098213568328,-0.0013955460116267203
1733902673917923600,12.326923583984374,0.04986556240916252,0.1284329031676054,0.09534841622207313
1733902673927949600,12.336949462890624,0.03558861525356769,0.08509805770143866,0.0718078200282529
1733902673937976800,12.346976806640624,-0.06573533171415329,0.04590849534645677,0.0012242810979485512
1733902673948003800,12.35700390625,-0.14160744203925132,0.005257628267258405,-0.06337130599655211
1733902673958030600,12.367030517578126,-0.07336626498401165,-0.051569882109016175,-0.1250210488975048
1733902673968057600,12.3770576171875,0.03294131561517715,-0.10411343155577778,-0.13421828163601457
1733902673978084900,12.3870849609375,0.19672318006157874,-0.11659721168428659,-0.13318203392345457
1733902673988110800,12.39711083984375,0.3606096739262342,-0.15838891936168073,-0.16613427279144524
1733902673998137600,12.4071376953125,0.3747515965253114,-0.1837868338599801,-0.21470022384412585
1733902674008164600,12.41716455078125,0.26055998467803,-0.15244477013498545,-0.27403321423530574
1733902674018192000,12.42719189453125,0.10019932685196399,-0.06204641406834125,-0.31575554647091775
1733902674028218600,12.437218505859375,-0.05510872375965118,0.04253989569619298,-0.29392124273832887
1733902674038244600,12.44724462890625,-0.056793315845727915,0.14645488207042218,-0.23509879568517206
1733902674048271600,12.457271728515625,0.04041033632159233,0.17239362544715403,-0.19445150880254805
1733902674058299000,12.467298828125,0.21578151627480982,0.15910773515552282,-0.22202307754550127
1733902674068325600,12.47732568359375,0.27767420108616353,0.1440526432342827,-0.32979616411998863
1733902674078352600,12.4873525390625,0.13534545903503895,0.06994315866753459,-0.4273635350331664
1733902674088380000,12.4973798828125,-0.0077197805970907205,0.01562923854738474,-0.5284461840583011
1733902674098406000,12.507406005859375,-0.2442249359488487,-0.029361995823681354,-0.5880701202200725
1733902674108433000,12.517432861328125,-0.5415086773902178,-0.02059197552129626,-0.4772836771737784
1733902674118459600,12.527459716796875,-0.6307943960398436,-0.06860460354015231,-0.337096111869812
1733902674128486700,12.537486572265625,-0.42563364250063895,0.04595160383582115,-0.02710603359043598
1733902674138514000,12.547513916015625,-0.25549334893822667,0.2002636291474104,0.3027531127631664
1733902674148540000,12.557539794921874,-0.05022913502454757,0.2646780875213444,0.38978023883104324
1733902674158566700,12.567566650390624,0.13418752117156982,0.276255858720839,0.24493133065253495
1733902674168593700,12.57759375,-0.023819267004728317,0.2329771273560822,0.10557933938987553
1733902674178621000,12.587620849609374,-0.24964813004136083,0.2260974508449435,0.04860058397464454
1733902674188647700,12.597647705078124,-0.30113515617251396,0.23968992286771534,0.0015785744283348321
1733902674198673700,12.607673583984376,-0.2982616465628147,0.22702114156112074,0.005976590191572905
1733902674208700700,12.61770068359375,-0.2641325824677944,0.16055457296296954,0.1345100311242044
1733902674218728000,12.62772802734375,-0.06232523100972175,0.06030234687998891,0.26847916030474006
1733902674228754700,12.637754638671876,0.12360007618367672,0.022965280523896216,0.25505371541194616
1733902674238781700,12.64778173828125,0.1883855598270893,-0.008427782735973596,0.18121427995823322
1733902674248809000,12.65780908203125,0.204781398832798,-0.025794512600451708,0.03680537063218653
1733902674258834000,12.667833984375,0.2825672338247299,-0.008347118715196847,-0.1343332132525742
1733902674268861000,12.67786083984375,0.29317104542553424,0.0641023236848414,-0.22896255795247852
1733902674278887700,12.6878876953125,0.18243278890252113,0.17368907208517192,-0.24409078817516563
1733902674288914700,12.697914794921875,-0.013342881175875662,0.26226898055300113,-0.17585406809933482
1733902674298942000,12.70794189453125,-0.21175825210809707,0.3173654293529689,-0.03303761559650302
1733902674308968000,12.717968017578125,-0.10951485220789908,0.3467060901276767,0.08465272508673369
1733902674318994700,12.72799462890625,0.15144260735511778,0.3324721053309738,0.03675751290246844
1733902674329021700,12.738021728515625,0.23407179072499273,0.24237068638429043,-0.07724259496070444
1733902674339049000,12.748049072265625,0.2044277630895376,0.10357800950482488,-0.16506686275564134
1733902674349075700,12.75807568359375,0.06685527565479278,0.00876636704057455,-0.24969459953159093
1733902674359101700,12.768101806640624,-0.40529871048033234,0.021960195134580134,-0.3280019741795957
1733902674369128700,12.778128662109374,-0.8226800729423761,0.07404124163612723,-0.2674707869797945
1733902674379156000,12.788156005859374,-0.8540519472837448,0.14474164841175077,-0.18785064923278985
1733902674389182700,12.7981826171875,-0.5845557919561862,0.17125146967470645,-0.09597681378610431
1733902674399209700,12.808209716796876,-0.49847792943716046,0.10127119386717677,-0.006367927596718072
1733902674409237000,12.818237060546876,-0.4051829751461744,-0.03182064102217555,0.06654167966097593
1733902674419263000,12.828262939453126,-0.3732803549289703,-0.1790140665002167,0.07833280135020614
1733902674429289700,12.838289794921875,-0.6021545770108699,-0.2739988735742867,0.06314758024327456
1733902674439316700,12.848316650390625,-0.7453226924955845,-0.29811712352558967,0.04377900903709232
1733902674449343700,12.85834375,-0.6427946304351091,-0.25900077253729104,0.019186931028962136
1733902674459370800,12.868370849609375,-0.47831893850564955,-0.2362865441650152,0.03338445627279579
1733902674469396700,12.878396728515625,-0.3585995031476021,-0.21768208919912577,0.12402626570649444
1733902674479423700,12.888423828125,-0.17783610876202582,-0.20507672851756215,0.18507731206193564
1733902674489450800,12.89845068359375,0.04205985709428787,-0.28768808396980167,0.18435155507065354
1733902674499477800,12.908477783203125,0.23156536086201665,-0.27867022638618943,0.2142779067788273
1733902674509504800,12.9185048828125,0.5171113182365894,-0.13433759716674684,0.20022366246320306
1733902674519531800,12.92853173828125,0.7642331446707248,-0.03282294993251562,-0.004819017654284835
1733902674529557800,12.938557861328125,0.6823024649590254,0.10109013821184634,-0.1711430408641696
1733902674539584800,12.948584716796875,0.4382511320114135,0.2831896035067737,-0.25061164131127295
1733902674549611800,12.95861181640625,0.25311492936909197,0.5362926963075995,-0.2607626676432788
1733902674559638800,12.968638671875,0.13553601317107677,0.7188742460310459,-0.20419249302893877
1733902674569665800,12.978665771484375,0.15030162062644958,0.8046281372927129,-0.19343297940976917
1733902674579691800,12.98869189453125,0.1707306606709957,0.7576729093722999,-0.2748462111186236
1733902674589718800,12.99871875,0.007901566904783249,0.5669862329959869,-0.3057902154367417
1733902674599745800,13.008745849609374,-0.20402152037620544,0.27579730129837987,-0.3079503891453147
1733902674609772800,13.018772705078124,-0.36152445068359373,0.05066884161606431,-0.286236058530584
1733902674619799800,13.0287998046875,-0.4481342281222343,-0.09014248160943389,-0.15847352890521288
1733902674629826800,13.038826904296876,-0.36150633050501346,-0.08371537117138504,0.06055756375007331
1733902674639852800,13.048852783203126,-0.10978256323337554,0.08115355785936117,0.2278065928503871
1733902674649879800,13.0588798828125,0.060033320680260654,0.23718466204851865,0.32926052287332713
1733902674659906800,13.06890673828125,0.10724515371024608,0.2689930281110108,0.36624402655139565
1733902674669933800,13.078933837890625,0.13488777839541435,0.22099282118231056,0.2654184575598687
1733902674679960800,13.0889609375,0.06655015522837639,0.11986103578582405,0.13133863454647363
1733902674689986800,13.09898681640625,-0.09376432536840439,0.04160480680316686,0.09612140988856553
1733902674700013800,13.109013916015625,-0.16329203510284424,0.08364405950084328,0.0999057507328689
1733902674710040800,13.119040771484375,-0.13614683854579926,0.13946268509551882,0.14140556279160083
1733902674720067800,13.12906787109375,-0.06277063668966293,0.1738750961765647,0.22059264288358388
1733902674730094800,13.1390947265625,0.13869067780971525,0.2075074627958238,0.1803966799650341
1733902674740120800,13.149120849609375,0.3283165930867195,0.22421192935928702,0.042581396750360725
1733902674750147800,13.15914794921875,0.279450563108921,0.2723286022745073,-0.20026742853969334
1733902674760174800,13.1691748046875,0.10821487552523612,0.21232713803723452,-0.3766504889491945
1733902674770201600,13.17920166015625,-0.12404840447306632,0.18415610556378958,-0.41957960315868253
1733902674780228900,13.189228759765625,-0.31687574613988395,0.18031842709705231,-0.30233897900432344
1733902674790255900,13.199255859375,-0.37815877462029457,0.2102745894216001,-0.08219093808308243
1733902674800281900,13.20928173828125,-0.21223288388252257,0.22993030700609088,0.10524112041145563
1733902674810308600,13.21930859375,0.11927052254676818,0.29295784106627104,0.16863697632737457
1733902674820335900,13.2293359375,0.4288999508202076,0.2971931405484676,0.17334011251702905
1733902674830363000,13.23936279296875,0.5598936443865299,0.13032514665499328,0.03350099532455206
1733902674840389600,13.2493896484375,0.41201252890527246,-0.0342148426823318,-0.1405581521820277
1733902674850415600,13.25941552734375,0.0503717583656311,-0.06899433351010084,-0.2910570489462465
1733902674860443000,13.26944287109375,-0.2667208453953266,0.009980711266398429,-0.3432313997544348
1733902674870470000,13.279469970703126,-0.4478302767395973,0.11237681751027703,-0.3285029094390571
1733902674880496600,13.28949658203125,-0.40264556562304493,0.2165077847227454,-0.32005912541635334
1733902674890524000,13.29952392578125,-0.13775193565487862,0.2983360269732773,-0.24539748685956
1733902674900550000,13.3095498046875,0.17447510789632797,0.23147212962061164,-0.07619651997387408
1733902674910577000,13.319576904296875,0.24867080944180486,0.30983576450049877,-0.10469714972786605
1733902674920603600,13.329603759765625,0.1366238084077835,0.3008519553169608,-0.20301826161779463
1733902674930630700,13.339630615234375,-0.05746317793130874,0.27555297114849087,-0.23615794934928416
1733902674940658000,13.349657958984375,-0.19545476756095886,0.22068755462542175,-0.22833901922665534
1733902674950684700,13.3596845703125,-0.23778350472450255,0.17392755701616405,-0.1321250356838107
1733902674960710700,13.369710693359375,-0.20044599997699258,0.15925225819274783,-0.04681815753728151
1733902674970737700,13.379737548828125,-0.07460662043392657,0.12809431886300443,0.02016308258473873
1733902674980765000,13.389764892578125,0.13392916249632836,0.13021335684359073,-0.03999715241082012
1733902674990791700,13.399791748046875,0.3343897755205631,0.05495455611124635,-0.14162190895602106
1733902675000818700,13.409818603515625,0.3493482751995325,-0.12889087606817484,-0.24265322965271768
1733902675010844700,13.4198447265625,0.15012158788442612,-0.3135617992863059,-0.29289310526698825
1733902675020872000,13.429871826171874,-0.06061725804805755,-0.44950449356213207,-0.2911699347361922
1733902675030898700,13.439898681640624,-0.26075053881406784,-0.5043484289057553,-0.20644136793427167
1733902675040925700,13.44992578125,-0.2834907784104347,-0.4504191241890192,-0.07563998206965625
1733902675050953000,13.459952880859374,-0.22016952210068702,-0.44444735630303617,0.0986676603052765
1733902675060979000,13.46997900390625,-0.16687807689607143,-0.4672499936111271,0.15590324002578854
1733902675071005700,13.480005615234376,-0.10907996792197226,-0.505300030542165,0.07281593762487172
1733902675081032700,13.49003271484375,-0.12630232087969778,-0.6085615214437246,0.01292531335093081
1733902675091059700,13.500059814453126,-0.1586228742480278,-0.7293874567389488,0.02340169917978346
1733902675101087000,13.5100869140625,-0.20623101311922074,-0.8181994203969836,0.0958943231344223
1733902675111113700,13.52011376953125,-0.23868074582517146,-0.8767927714020013,0.19819230276606975
1733902675121139700,13.5301396484375,-0.3039519671589136,-0.91904698202461,0.2962767563559115
1733902675131166700,13.540166748046875,-0.4053267675310373,-0.941153746023029,0.33856735346615313
1733902675141194000,13.550194091796875,-0.5319803860664367,-0.9467489356815815,0.30715120159164067
1733902675151220700,13.560220703125,-0.5979512801021337,-0.8524931735344231,0.22080438593812285
1733902675161247700,13.570247802734375,-0.47298576078414917,-0.6646395286269485,0.08155059435293079
1733902675171273700,13.580273681640625,-0.33408640865981576,-0.44449777131602164,0.03734444594494998
1733902675181301000,13.590301025390625,-0.2799976755976677,-0.23298662583678958,0.06224354407563805
1733902675191327700,13.60032763671875,-0.2708300342798233,-0.03382087492868304,0.0911903101619333
1733902675201354800,13.610354736328125,-0.2986088525652885,0.09280907047018408,0.18120967684835196
1733902675211381800,13.6203818359375,-0.3277589592039585,0.18130305422022938,0.30488617926910516
1733902675221408000,13.630407958984375,-0.2672118437826633,0.23012115340307354,0.44729258966632185
1733902675231434800,13.640434814453124,-0.12882628639936447,0.21459449844732878,0.49821672121770677
1733902675241461800,13.650461669921874,-0.04233224429488182,0.1760138617709279,0.4333508658144623
1733902675251488800,13.66048876953125,0.028370354437828062,0.07858224606662988,0.29279249443672595
1733902675261515800,13.670515869140624,0.11685118644535541,-0.005710486601293086,0.11512012486904859
1733902675271543000,13.68054296875,0.1740735413581133,-0.055592269492894406,-0.0711543610882014
1733902675281569000,13.690569091796876,0.1751964079082012,-0.07283990302234887,-0.24588578183315693
1733902675291596000,13.700595947265626,0.11077858853340149,-0.03311740283444524,-0.3413855526920408
1733902675301622800,13.710622802734376,0.029309096592664716,0.03532236553281545,-0.39526064300350844
1733902675311649800,13.72064990234375,-0.05075052855014801,0.19663798599615692,-0.43337022810205816
1733902675321677000,13.730677001953126,-0.11272855355739593,0.42690570826306934,-0.41811259934604167
1733902675331703000,13.740703125,-0.17040099032521247,0.5974652501508593,-0.35537783768735826
1733902675341729800,13.750729736328125,-0.15088848060369492,0.6680351624146104,-0.2812185226295143
1733902675351756800,13.7607568359375,-0.1375473529934883,0.6185499776251614,-0.15771920340657233
1733902675361784000,13.7707841796875,-0.060570496296882624,0.43624227640703317,-0.02378565699607134
1733902675371810800,13.780810791015625,0.05548047968149185,0.13100947565734386,0.024730171304568647
1733902675381837800,13.790837890625,0.1239712475836277,-0.15801833248361943,-0.01772189997769892
1733902675391863800,13.80086376953125,0.11746084277629852,-0.34174583737179637,-0.11252068296037614
1733902675401891000,13.81089111328125,0.0061573535859584805,-0.4207349106736481,-0.21531937865577636
1733902675411917800,13.820917724609375,-0.2260124029099941,-0.38583646964132784,-0.314042203214392
1733902675421944800,13.83094482421875,-0.4424246183037758,-0.2490206457927823,-0.4004753819771111
1733902675431972000,13.84097216796875,-0.5466548081070184,-0.12292992183715104,-0.4190916004460305
1733902675441998000,13.850998046875,-0.45402737781405444,-0.09487959313392638,-0.3624726182539016
1733902675452024800,13.86102490234375,-0.25615268962979315,-0.19916078247204422,-0.2904734038393944
1733902675462051800,13.8710517578125,-0.10610358245968818,-0.33481004675924775,-0.2688696939922869
1733902675472078800,13.881078857421874,-0.07866144878268241,-0.4501847309112549,-0.250783198485896
1733902675482105900,13.89110595703125,-0.16899112352728843,-0.4986255212143063,-0.21978563734963535
1733902675492131800,13.9011318359375,-0.17210194902420042,-0.4054689524807036,-0.21042495767772196
1733902675502158800,13.911158935546876,-0.1618517731666565,-0.3265897692941129,-0.15061609340310095
1733902675512185900,13.921185791015626,-0.07712298716902732,-0.27801673091351986,-0.050063934525474904
1733902675522212900,13.931212890625,0.13528291519284247,-0.19745850859880446,-0.012078779524192213
1733902675532240000,13.941239990234376,0.3015513357579708,-0.08648103649243712,-0.017142638785019516
1733902675542265900,13.951265869140625,0.3269908974409103,0.028201719872653484,-0.10023600560054183
1733902675552292900,13.96129296875,0.2855336824148893,0.127847066103667,-0.27235139862820507
1733902675562320000,13.97131982421875,0.19047113392949103,0.2348695169739425,-0.43335598038099704
1733902675572347000,13.981346923828125,0.11350246053934096,0.27638167705759403,-0.42769868527166544
1733902675582374000,13.991373779296875,-0.04225508740544319,0.2722447233833372,-0.23212913222461937
1733902675592401200,14.001401123046875,-0.0942903950691223,0.29075623936876654,-0.07126790446527302
1733902675602427000,14.011427001953125,0.0016121113717555999,0.25812866587787864,0.06808708247207104
1733902675612454000,14.021453857421875,0.20782968048751352,0.20905366932451724,0.21772797416746614
1733902675622481000,14.03148095703125,0.5205202498972415,0.1976787272207439,0.2493986122597009
1733902675632508000,14.0415078125,0.6602221505761147,0.22476927098110316,0.16700652558133006
1733902675642535000,14.051534912109375,0.49068859073519705,0.24700594496950506,0.0454679119721055
1733902675652561000,14.061560791015625,0.00386252064704895,0.22043328760340808,-0.03225749806948006
1733902675662588000,14.071587890625,-0.3523755140662193,0.17059680515825748,-0.08014218885973096
1733902675672615000,14.081614990234375,-0.2664835295081138,0.10127294743284583,-0.012561521539837122
1733902675682642000,14.091641845703125,-0.06494155098795891,0.014939794978499411,0.10010383058823645
1733902675692669000,14.1016689453125,0.021775778478384016,-0.006554974601417779,0.038071006653830404
1733902675702695000,14.11169482421875,-0.18363398138582707,0.037856706316024065,-0.11270108102858066
1733902675712722000,14.121721923828124,-0.4527577962696552,0.051257893550395964,-0.16269341162256895
1733902675722749000,14.1317490234375,-0.45991702037453647,0.08702551863268017,-0.20729835008978842
1733902675732776000,14.14177587890625,-0.30572599109411236,0.08598112414628267,-0.1451224644228816
1733902675742803000,14.151802978515626,-0.3179249629318714,0.050967678432166576,-0.009382014720886945
1733902675752830000,14.161829833984376,-0.3631985213756561,0.05137435953691601,0.07085209020599723
1733902675762856000,14.17185595703125,-0.44123102460503577,0.1218764672614634,0.06535955720432102
1733902675772883000,14.181883056640626,-0.47686581708788867,0.22596417985409498,0.011037892169132828
1733902675782910000,14.191909912109375,-0.28657354685664177,0.30392420236915346,-0.060648383838683366
1733902675792936700,14.201936767578125,0.006240355694293975,0.34553324695602056,-0.06335391647033393
1733902675802964000,14.2119638671875,0.16730419335365296,0.3135032009668648,0.0354880774885416
1733902675812990000,14.221989990234375,-0.0923474443078041,0.23101167250201105,0.15467472114413977
1733902675823017000,14.232016845703125,-0.3551508239984512,0.08976619564294815,0.2549021781120449
1733902675833043700,14.242043701171875,-0.4322060066282749,-0.04518719533458352,0.28896731012538074
1733902675843071000,14.252071044921875,-0.6019365503460169,-0.12243892344981432,0.23991459846906363
1733902675853098000,14.262097900390625,-0.6630161652088165,-0.14228680260553955,0.14598792214579878
1733902675863124700,14.272124755859375,-0.3691641517817974,-0.13840645404085516,0.12571465718485414
1733902675873150700,14.282150634765625,-0.10097615644335746,-0.10512728477343916,0.1258068655129522
1733902675883178000,14.292177978515625,0.04093699054419994,-0.05977466974407434,0.17107647843398152
1733902675893205000,14.302205078125,-0.015869769304990768,-0.054730099705606695,0.2858374146018177
1733902675903231700,14.312231689453125,-0.17787293364107606,-0.08047069016173482,0.4103242835573852
1733902675913259000,14.322259033203125,-0.30261633464097976,-0.0984131740875542,0.526885547145456
1733902675923285000,14.332284912109374,-0.29352000499367714,-0.09001812457740306,0.543824187790975
1733902675933312000,14.34231201171875,-0.01486322261095047,-0.046944414265453815,0.4842729515392333
1733902675943338800,14.3523388671875,0.42394203615188597,0.060409752777218814,0.3465007037486881
1733902675953365800,14.36236572265625,0.5858440782010554,0.1747232374384999,0.20536387489587069
1733902675963393000,14.37239306640625,0.42175475524067874,0.2817997565835714,0.1529636794425547
1733902675973419000,14.3824189453125,0.12920505658388137,0.37643326600193977,0.16322072343230246
1733902675983445800,14.39244580078125,-0.12247720963358878,0.4357777276352048,0.18497655510120092
1733902675993472800,14.40247265625,-0.22441081293225287,0.532955368578434,0.17673925343602895
1733902676003500000,14.4125,-0.1797358049035072,0.5852867365792394,0.14338468084484338
1733902676013527000,14.422527099609376,-0.10119418310821056,0.6289952376633882,0.10486169263981282
1733902676023552800,14.432552734375,0.042697570475935934,0.6214972831234336,0.05069368379637599
1733902676033579800,14.442579833984375,0.2102706438988447,0.5801838604822754,0.04265044339857995
1733902676043607000,14.45260693359375,0.1624655211508274,0.4141258677974343,0.08279540678225457
1733902676053634000,14.462634033203125,-0.1704863305211067,0.23972499418109655,0.12024945058152078
1733902676063660800,14.472660888671875,-0.5644640210419893,0.15506138237416744,0.10802446751967072
1733902676073688000,14.48268798828125,-0.7189829671025276,0.07900427087098359,0.15497326569929717
1733902676083714000,14.492714111328125,-0.7262333766222,-0.02351969953626394,0.21132950530201194
1733902676093741000,14.502740966796875,-0.38885084902644157,-0.02664864521175623,0.15465177865996957
1733902676103767800,14.512767822265625,0.015430208843946455,0.027979017032682893,0.01064034421890974
1733902676113794800,14.522794921875,0.12743980047702788,0.10887246265113353,-0.06483918659202755
1733902676123822000,14.532822021484375,0.1377870069682598,0.2079834097445011,-0.09335092226192354
1733902676133848000,14.54284814453125,0.2972638676971197,0.3135170833617449,-0.1412880008265376
1733902676143874800,14.552874755859374,0.34959435891509055,0.3394435517787933,-0.28132680530957876
1733902676153901800,14.56290185546875,0.23802725035250186,0.3204699712395668,-0.5016404120560736
1733902676163929000,14.57292919921875,0.07779635638594627,0.2702668474391103,-0.7306963473804294
1733902676173955800,14.582955810546874,0.019459902751445768,0.2415954642280936,-0.8730915787965059
1733902676183981800,14.59298193359375,0.13981062175035475,0.15106296038776634,-0.845814718683809
1733902676194008800,14.6030087890625,0.40064065554142,0.05476590167135,-0.7840485097963362
1733902676204036000,14.6130361328125,0.5392050766229629,-0.007193126374483108,-0.8749799498263746
1733902676214062800,14.623062744140626,0.496850620496273,-0.06257102246433496,-0.9150435185369103
1733902676224089900,14.63308984375,0.35326866351366043,-0.12709727064967155,-0.8497806997053324
1733902676234117000,14.6431171875,0.1243459261149168,-0.18735183286517856,-0.737049881125614
1733902676244143000,14.65314306640625,-0.10324176328778266,-0.1741106584981084,-0.5962087107511237
1733902676254169900,14.663169921875,-0.2239958023905754,-0.12690876234024762,-0.4446595742816105
1733902676264197400,14.673197265625,-0.08178045758605003,-0.06018792672008275,-0.3568405671836808
1733902676274224400,14.683224365234375,0.19523557185232637,-0.015080664753913878,-0.2843144428182393
1733902676284251100,14.693251220703125,0.5539601626843214,-0.04126519958525896,-0.25761158320121463
1733902676294277000,14.703277099609375,0.8408674715399742,-0.15474749411940575,-0.3709986371999606
1733902676304304400,14.713304443359375,0.6981470998227596,-0.2511389531210065,-0.577706437518075
1733902676314331400,14.723331298828125,0.11153963603377341,-0.3015931290730834,-0.73341364351511
1733902676324358100,14.733358154296875,-0.4305915571689605,-0.2422536358758807,-0.7300010585926473
1733902676334385400,14.743385498046875,-0.7610089219272136,-0.04748626605719328,-0.5954654911683872
1733902676344411400,14.753411376953125,-0.801215844631195,0.16342179896235465,-0.35970304394271224
1733902676354438400,14.7634384765625,-0.5461451050192118,0.32879210164397954,-0.13029117132015525
1733902676364465200,14.773465087890624,-0.12602642654776572,0.3841767197355628,0.018711276341229675
1733902676374492400,14.783492431640624,0.2810381245613098,0.3227820475742221,0.1668427863869816
1733902676384519400,14.79351953125,0.5922445928931236,0.21728198396563528,0.19275862381216138
1733902676394546200,14.803546142578124,0.6169312903821468,0.06571019727289676,0.002688216170668602
1733902676404572200,14.813572265625,0.10779226619899272,-0.04380144006460905,-0.15236509249489755
1733902676414599200,14.82359912109375,-0.5731950245082378,-0.07260141809135676,-0.2012960044024512
1733902676424626400,14.83362646484375,-1.0168284340798854,-0.012921440893411636,-0.09184289231915026
1733902676434653200,14.843653076171876,-0.9665712420046328,0.09776537770330905,0.15725133016649634
1733902676444680200,14.85368017578125,-0.5341372718393802,0.2209317386448383,0.43543614765591915
1733902676454706200,14.8637060546875,0.049317280876636505,0.3085094843327999,0.5894806446051225
1733902676464733400,14.8737333984375,0.5169008903563023,0.34364714094847437,0.6254575650565326
1733902676474760200,14.88376025390625,0.8315618830561637,0.3098509620696306,0.5533730469787493
1733902676484787200,14.893787109375,0.8606587982028723,0.2581567229285836,0.29263039921019224
1733902676494814500,14.903814453125,0.45337388234138487,0.2164624842762947,-0.008001885474100709
1733902676504840400,14.91384033203125,-0.28803368253707884,0.17661036635935307,-0.20398977353107184
1733902676514867200,14.9238671875,-0.933625834736228,0.15942717636823653,-0.24494440932981668
1733902676524894200,14.933894287109375,-1.2468319524526594,0.2314806051880121,-0.1303731505151838
1733902676534921500,14.94392138671875,-1.1640753433108328,0.37290859900712964,0.0681217884592712
1733902676544948200,14.9539482421875,-0.708696550887823,0.42290714014619585,0.3354758171916008
1733902676554975200,14.963975341796875,-0.04845335752367973,0.31372619606778024,0.5197800259891897
1733902676565001200,14.974001220703125,0.6074737262070179,0.08400456337630748,0.5415465982478112
1733902676575028200,14.9840283203125,0.929979587188363,-0.06430369147583842,0.36187384864315386
1733902676585055200,14.99405517578125,0.5483458299338817,0.021530425415188074,-0.061228448748961085
1733902676595082200,15.004082275390624,-0.3156687084376812,0.1457907190732658,-0.5131174262948334
1733902676605109200,15.014109130859374,-1.0497872853517531,0.20424261578097938,-0.7130912056501955
1733902676615135200,15.02413525390625,-1.3644611375331879,0.22094459812641143,-0.5829974565982818
1733902676625162200,15.034162353515624,-1.1830185287117958,0.27342823407948014,-0.31290128955096
1733902676635189200,15.044189208984376,-0.6255728619992733,0.28771774845570325,0.016133388677239416
1733902676645216300,15.05421630859375,-0.08308277235627173,0.21443653140664098,0.27946882941797374
1733902676655243500,15.064243408203126,0.35523148801922794,0.15099252550005912,0.37756555796749885
1733902676665269200,15.074269287109376,0.583474426460266,0.06637421413958072,0.2738740050856024
1733902676675296300,15.084296142578125,0.46054596592783925,-0.1093954636119306,0.04647460479661822
1733902676685323300,15.0943232421875,0.12646949414014816,-0.31847339059486984,-0.1654818002320826
1733902676695350500,15.1043505859375,-0.19439678294062612,-0.44910248863250013,-0.3137731770146638
1733902676705377300,15.114377197265625,-0.3646715165376663,-0.47507878754064436,-0.3391566245961934
1733902676715404300,15.124404296875,-0.358968920981884,-0.45743119490817186,-0.2329894023157656
1733902676725430300,15.13443017578125,-0.170543613666296,-0.3836147019386291,-0.10383381089679897
1733902676735457300,15.144457275390625,0.18152444188594816,-0.31352322084158657,-0.017877419332973658
1733902676745484300,15.154484375,0.510595652732253,-0.268297885453701,0.010656637766584754
1733902676755511300,15.16451123046875,0.6163765791088343,-0.27897125515937804,0.03644983519278466
1733902676765538300,15.174538330078125,0.47435354200601576,-0.2543687288224697,-0.012373342023976146
1733902676775564300,15.184564208984375,0.15193711287379263,-0.1559044090695679,-0.11119239349868149
1733902676785591300,15.19459130859375,-0.21911387556791304,-0.07603212319239974,-0.22843941086120903
1733902676795618300,15.204618408203125,-0.4785211830794811,-0.011623217776417732,-0.2442160950552672
1733902676805645300,15.214645263671875,-0.5440531011760235,0.008637918355315924,-0.1271772040180862
1733902676815672300,15.22467236328125,-0.36389644051194187,0.06277195186391472,0.062110711476206774
1733902676825698300,15.2346982421875,-0.10290390963554381,0.11755626597478985,0.21308482453674077
1733902676835725300,15.244725341796874,0.13896072692275047,0.1862764587186277,0.2672447231389582
1733902676845752300,15.25475244140625,0.20531682088375092,0.2705747443445027,0.22586839132942257
1733902676855779300,15.264779296875,0.09238076205551624,0.34166137395873664,0.15964721232708542
1733902676865806300,15.274806396484376,-0.08034253373742103,0.42383346121087667,0.05851597491987049
1733902676875833300,15.284833251953126,-0.22005554033219812,0.4907188397429883,-0.009316365606151521
1733902676885859300,15.294859375,-0.2384352466315031,0.5087042860276997,-0.04889039723407477
1733902676895886000,15.304885986328125,-0.19132102875709533,0.4692323995999992,-0.05371182604115456
1733902676905913300,15.314913330078125,-0.05854863508045673,0.4158522531986236,-0.06307338249590247
1733902676915940400,15.3249404296875,-0.0005108721315860748,0.3207826904505491,-0.07286796007305384
1733902676925967000,15.334967041015625,-0.05708090061545372,0.1782680704385042,-0.03829940858222544
1733902676935993000,15.3449931640625,-0.14651976400017738,0.09363763024881482,-0.047887248073518275
1733902676946020400,15.355020263671875,-0.1933434744954109,0.0988559494189918,-0.12489179649464785
1733902676956047400,15.36504736328125,-0.1912304278641939,0.11353183276429772,-0.160764416321367
1733902676966074000,15.37507421875,-0.17678513840436935,0.1298014150418341,-0.09394402931686491
1733902676976101400,15.385101318359375,-0.11333704084455966,0.17371143004745243,-0.011392148966901003
1733902676986127400,15.39512744140625,0.013910451930761337,0.23310703734606503,0.023467750153318045
1733902676996154400,15.405154296875,0.08080430603027343,0.2001024472363293,0.03526022354941815
1733902677006181000,15.41518115234375,0.13077742046713828,0.16231792937368153,-0.013190174832195043
1733902677016208400,15.42520849609375,0.1542442207723856,0.10973828570023178,-0.09233498668503015
1733902677026235400,15.4352353515625,0.15926467928290367,0.06872881444171071,-0.17831651269011198
1733902677036261400,15.445261474609374,0.17211948468089103,0.0556556901179254,-0.2723936303347349
1733902677046288100,15.4552880859375,0.12899638226926327,0.07856456427946687,-0.343791883181408
1733902677056315100,15.465315185546874,0.021664719319343564,0.1374136436112225,-0.3440738419279456
1733902677066342400,15.47534228515625,-0.1541647257953882,0.1337080670915544,-0.21027093615978956
1733902677076369400,15.485369384765624,-0.17649755363464353,0.06978650680109857,-0.0866780569018796
1733902677086396200,15.495396240234374,-0.014497311908006667,-0.0240574596747756,-0.0308610022097826
1733902677096422100,15.505422119140626,0.12766542592644692,-0.11721826619207858,-0.0012687047615647315
1733902677106449400,15.515449462890626,0.14806407083272932,-0.17713132149353622,-0.07113090714737773
1733902677116476400,15.525476318359376,0.004947393274307251,-0.17655892843306065,-0.20117877123095093
1733902677126503200,15.535503173828126,-0.2109334917217493,-0.15602292088270187,-0.24414745026584714
1733902677136530400,15.545530517578126,-0.3650251522809267,-0.11687661314755678,-0.21761928962860255
1733902677146556400,15.555556396484375,-0.3635819677352905,-0.06037585050761699,-0.13560093163345008
1733902677156583400,15.56558349609375,-0.19738135170936583,0.0209378663495183,-0.03243603297416121
1733902677166610200,15.575610107421875,0.007555529946088791,0.048895109941810365,0.07369158794824034
1733902677176637400,15.585637451171875,0.1437877086877823,0.055301908244192594,0.1141305293098092
1733902677186664400,15.59566455078125,0.2736404155254364,0.04407221983000636,0.02775554700773209
1733902677196690400,15.6056904296875,0.33309798214435576,-0.06373948172181844,-0.15748901137989013
1733902677206717200,15.61571728515625,0.236622644251585,-0.160951901717484,-0.37129959290791303
1733902677216744200,15.625744140625,0.0463414799362421,-0.10341039785295725,-0.5550592830326407
1733902677226771500,15.635771484375,-0.22735680325627325,0.07626257094740867,-0.6528776330322027
1733902677236798200,15.645798095703125,-0.4409855254113674,0.308109232968837,-0.5807745929170399
1733902677246824200,15.65582421875,-0.4750479540109634,0.47961394675225016,-0.33260252677761015
1733902677256851200,15.665851318359374,-0.38384500356316564,0.5303478164285421,0.021587927756085992
1733902677266878200,15.675878173828124,-0.19430033682882786,0.4696377655304968,0.29941702714301643
1733902677276905000,15.685905029296874,0.19335750302076338,0.37224428987950087,0.3184820853579789
1733902677286932200,15.69593212890625,0.4782417816162109,0.28700346270650623,0.0697825612783432
1733902677296959200,15.705959228515624,0.4628770392239093,0.24508418312668798,-0.2562759506832808
1733902677306985200,15.715985107421876,0.24784838714301585,0.28221023708060383,-0.5231683532532304
1733902677317012000,15.726011962890626,-0.052103112202882766,0.3442081358321011,-0.627862215045467
1733902677327039200,15.736039306640626,-0.3600269056022167,0.3777534086897969,-0.5496349198963493
1733902677337066200,15.746066162109376,-0.5511667325735092,0.40744755907729263,-0.33993929940648376
1733902677347093000,15.756093017578126,-0.5647533593773841,0.39992096296474333,-0.15169490161575377
1733902677357119000,15.766118896484375,-0.5602648157864809,0.33067411599829794,0.10822167059220374
1733902677367146000,15.77614599609375,-0.4170879324734211,0.23767054586932063,0.3553622017268091
1733902677377173200,15.78617333984375,-0.18234978679418562,0.13619754581972957,0.37556042869016526
1733902677387200000,15.796199951171875,-0.006906710648536682,0.05157996511161327,0.18758118464164436
1733902677397227000,15.80622705078125,0.08062427328824996,0.04380567784830928,-0.06800364197231829
1733902677407254300,15.816254150390625,0.05449205316603183,0.17162030298709868,-0.1645920117855072
1733902677417280300,15.8262802734375,-0.048292029482126235,0.27835151582583784,-0.188667226312682
1733902677427307000,15.83630712890625,-0.11107961730659008,0.41115561981499194,-0.20839345185011623
1733902677437334000,15.846333984375,-0.17820201946496964,0.43529359738007184,-0.1634288862902671
1733902677447361300,15.856361328125,-0.18149872292280195,0.3667071140184998,-0.10476678089797496
1733902677457388300,15.86638818359375,-0.15689035136699675,0.23453970049768685,-0.08011741974465549
1733902677467414000,15.8764140625,-0.14325813185572622,0.09505436517894267,-0.045463016601279375
1733902677477441000,15.88644091796875,-0.09621931730508804,-0.05675502966195345,-0.051108913533762096
1733902677487468300,15.89646826171875,-0.04619476494193077,-0.20226444757580755,-0.07773490852229296
1733902677497495300,15.906495361328124,-0.04407236596047878,-0.2895708289764821,-0.10164908726885914
1733902677507522000,15.91652197265625,-0.05278349568247795,-0.3438517236098647,-0.012821049258857964
1733902677517548000,15.926548095703126,-0.030637714847922323,-0.35697234033718706,0.10708696747384965
1733902677527575000,15.936574951171876,-0.039679099437594414,-0.297627878703922,0.19324739370979369
1733902677537602300,15.946602294921876,-0.027394202882051466,-0.24154388017132877,0.24116182205118236
1733902677547629000,15.956629150390626,0.011526771664619444,-0.19177914778813718,0.26310258183293045
1733902677557656000,15.966656005859376,0.005540098470449447,-0.15253522489741445,0.27759711726196107
1733902677567682000,15.97668212890625,-0.001204115092754364,-0.12713015000596642,0.23371399026326833
1733902677577709300,15.986709228515625,0.027591771280765533,-0.12642886986881494,0.15032580521963537
1733902677587736000,15.996736083984375,0.007896890729665755,-0.14892024927064776,0.10864486444033682
1733902677597763000,16.00676318359375,-0.05923778638839721,-0.18797288737297058,0.0741679367557168
1733902677607790300,16.016790283203125,-0.16781506548523903,-0.2235860525459051,0.06435790588110685
1733902677617817000,16.026817138671873,-0.17763327966630457,-0.2549569039739668,0.061715940004959696
1733902677627843000,16.036843017578125,-0.11802549092173575,-0.29042846871912475,0.08095715850442647
1733902677637870000,16.0468701171875,-0.08896540065407753,-0.2863457294501364,0.06972535119839013
1733902677647897300,16.0568974609375,-0.11925649402141571,-0.2563661862500012,0.07036335684098304
1733902677657924000,16.066924072265625,-0.21388883439600467,-0.26103695454001424,0.06874013955332338
1733902677667951000,16.076951171875,-0.3257189778089523,-0.22915113932713865,0.05755838193409145
1733902677677977000,16.08697705078125,-0.34657939500808715,-0.16679916644096374,-0.0014396774142980575
1733902677688004000,16.097004150390624,-0.2999123363792896,-0.11848331769183278,-0.06332622474581003
1733902677698031000,16.107031005859376,-0.27768413795828817,-0.04016118386611342,-0.08194076271429658
1733902677708058000,16.11705810546875,-0.24332594128251075,0.07438976281285285,-0.014168518345057963
1733902677718085000,16.127085205078124,-0.23331249679028987,0.11728957786262034,0.09067132778912781
1733902677728111000,16.137111083984376,-0.21999825718700886,0.09647402271851897,0.13778306144550442
1733902677738138000,16.14713818359375,-0.15074118108749388,0.018056904085725543,0.1324860510159284
1733902677748165000,16.1571650390625,-0.11958733341097831,-0.052788317988067865,0.08180266941785812
1733902677758192000,16.167192138671876,-0.08790507794618606,-0.11034779590070247,-0.00126234808601439
1733902677768219100,16.17721923828125,-0.1154091709434986,-0.1356916421242058,-0.048779886064305895
1733902677778245000,16.1872451171875,-0.09237608588039875,-0.12505305147096513,-0.07774301876351236
1733902677788272000,16.197272216796875,-0.04019114061295986,-0.0270791455835104,-0.10478351283706724
1733902677798299100,16.207299072265624,0.03978723598718643,0.047873073417693375,-0.11274945021495222
1733902677808326100,16.217326171875,0.08015665577650069,0.08941606703102588,-0.09270707140043377
1733902677818353200,16.227353271484375,0.08589198455810547,0.07882306908518076,-0.09842508372105657
1733902677828380200,16.237380126953123,0.11267945371866225,0.03707841541990638,-0.09570449965074658
1733902677838406100,16.24740625,0.15881284386217592,-0.04082593138515949,-0.09962905268333852
1733902677848433000,16.257432861328127,0.16685177341103552,-0.11442205960229039,-0.0815230487588793
1733902677858460200,16.267460205078127,0.09580898293852806,-0.1907753775730729,-0.08804762822203338
1733902677868487200,16.277487060546875,-0.030509120032191275,-0.22657924301251767,-0.11575776518546044
1733902677878514200,16.28751416015625,-0.16259762309789658,-0.18777780319228768,-0.15315985960178077
1733902677888540000,16.297539794921875,-0.21058687024116515,-0.09204276227280497,-0.19479944545738398
1733902677898567200,16.307567138671875,-0.24970482866466043,0.020527093591541052,-0.18227621010132133
1733902677908594200,16.31759423828125,-0.23667525122165678,0.06432239617630839,-0.10036671930812299
1733902677918621200,16.32762109375,-0.1844283466339111,0.06350041226893663,-0.04606587786525487
1733902677928648200,16.337648193359374,-0.11846622042655944,0.06361673212498425,-0.040778219785913825
1733902677938674200,16.347674072265626,-0.05170563731789589,0.06682210403755307,-0.09751688283495605
1733902677948701200,16.357701171875,0.03265197727978229,0.06850026638284325,-0.1521650764107704
1733902677958728200,16.367728271484374,0.0498924504160881,0.08803396502286195,-0.18728366299979388
1733902677968755200,16.377755126953126,0.0237502934217453,0.10227803282216191,-0.1970044812209904
1733902677978782200,16.3877822265625,0.00479191045165062,0.14102262788861988,-0.2102039353381842
1733902677988808200,16.39780810546875,0.03513035009205341,0.15714607969373465,-0.2181981489624828
1733902677998835200,16.407835205078126,0.020067805516719817,0.1522670754805207,-0.18964103978089988
1733902678008862000,16.417862060546874,0.002847790646553039,0.16789850598499179,-0.1746030451249331
1733902678018889200,16.42788916015625,0.005998948153853416,0.1702683038562536,-0.1541086116939783
1733902678028916200,16.437916259765625,0.011872808623313903,0.16545461996421218,-0.1331019909571856
1733902678038943000,16.44794287109375,0.011926000115275382,0.15698752813115716,-0.06997245782725513
1733902678048969000,16.457968994140625,-0.016167290946841238,0.14901859507858753,-0.013928279848396776
1733902678058996200,16.467996337890625,-0.023918635725975034,0.11967179682403802,-0.025989815976843238
1733902678069023200,16.478023193359373,-0.06604746640324592,0.06092413204014301,-0.11839403197318314
1733902678079050000,16.488050048828125,-0.17867606671750544,-0.07067322650775312,-0.1958148330450058
1733902678089077200,16.4980771484375,-0.21914310166239737,-0.18587591509371995,-0.2512106301177293
1733902678099103200,16.508103271484377,-0.21594927405714986,-0.21794483178853988,-0.27481260110996664
1733902678109130200,16.518130126953125,-0.22510814754664896,-0.2130385011769831,-0.1896750151157379
1733902678119157000,16.528156982421876,-0.18332944548130034,-0.2202113154157996,-0.07037753149680794
1733902678129184000,16.53818408203125,-0.0861778157621622,-0.2348749238014221,0.03859576118029654
1733902678139211300,16.548211181640625,0.01812485475540161,-0.21408260340243576,0.10122691633403301
1733902678149237200,16.5582373046875,0.04205985709428787,-0.16364552471563218,0.10217040772922337
1733902678159264000,16.568263916015624,-0.012661913174390792,-0.1195649754486978,0.1568663859695196
1733902678169291000,16.578291015625,-0.059330140846967694,-0.07387114576622843,0.21251418504193423
1733902678179318300,16.588318359375,-0.03875497032999992,-0.0380304554477334,0.22437647227123378
1733902678189345000,16.598344970703124,-0.003940846580266952,-0.040517596088349817,0.2073448926452547
1733902678199371000,16.60837109375,0.03481061661839485,-0.058434361051023,0.14333338904902337
1733902678209398000,16.61839794921875,0.04687631746530532,-0.06522855123579502,0.059429728763923044
1733902678219425300,16.62842529296875,-0.056880994129180906,-0.14989099399894476,0.01735438183955848
1733902678229452000,16.6384521484375,-0.15962123763561248,-0.22885332542434333,0.013179434242472051
1733902678239479000,16.64847900390625,-0.20918752483725547,-0.26244492164179684,-0.012803440536931157
1733902678249506300,16.65850634765625,-0.1181459024310112,-0.2901801930464804,-0.051418052548170085
1733902678259532500,16.668532470703123,0.06583353139162063,-0.3267198254145682,-0.1074282551921904
1733902678269559300,16.678559326171875,0.22393208950459956,-0.3396085330821573,-0.2250374934632331
1733902678279586300,16.68858642578125,0.2059352450430393,-0.3335691067874431,-0.26629845526479184
1733902678289613600,16.698613525390623,0.14694003523886204,-0.29717268228232857,-0.2803860173281282
1733902678299640300,16.708640380859375,0.14362462708055973,-0.21260931597948074,-0.29766784538812935
1733902678309666300,16.718666259765627,0.13684358863830565,-0.13956088477298617,-0.30868900561816986
1733902678319693300,16.728693359375,0.11008534557223319,-0.09763327575623988,-0.33516587445959445
1733902678329720600,16.738720458984375,0.04420154529809951,-0.07000716381445526,-0.31395247910432517
1733902678339747300,16.748747314453126,0.0034217911422252654,-0.06853621447905897,-0.2451497957088053
1733902678349774300,16.7587744140625,0.12123159348666668,-0.05064940626323223,-0.15878858620375394
1733902678359800300,16.76880029296875,0.17064999665021896,-0.0009548165068030357,-0.06660868048258126
1733902678369827600,16.77882763671875,0.0028057050704956054,0.08143252093121409,-0.010057575894892215
1733902678379854300,16.788854248046874,-0.36813656229972835,0.20677418008521198,0.015531038869917392
1733902678389881300,16.79888134765625,-0.657629211473465,0.33394670792818065,0.018863032836839554
1733902678399908400,16.808908447265626,-0.8213368416398763,0.43520445779189465,0.01175700022391975
1733902678409935400,16.818935302734374,-0.8432517363280058,0.4587823172561824,0.06127820617482066
1733902678419961300,16.82896142578125,-0.7228349663555622,0.42646760910674925,0.18364399132318793
1733902678429988400,16.83898828125,-0.4572504315137863,0.22351254891827702,0.2754404506847262
1733902678440015400,16.849015380859374,-0.2409282324910164,-0.10140665681511163,0.22571583111621438
1733902678450042400,16.85904248046875,-0.15250935980379582,0.15550021218284962,0.4877457422163337
1733902678460069400,16.8690693359375,-0.09335983622074126,0.36304815311953426,0.6764863990914076
1733902678470095400,16.879095458984374,-0.01875438483059406,0.5112484175525606,0.668848816885054
1733902678480122400,16.889122314453125,0.07067103455066681,0.5060930806159973,0.5227910443734377
1733902678490149400,16.8991494140625,0.18177929342985152,0.38876711626574395,0.402402989038825
1733902678500176400,16.90917626953125,0.2427577860057354,0.24992694698274134,0.3388912516582757
1733902678510203400,16.919203369140625,0.09568740238547324,0.10414090408459305,0.2596067390738055
1733902678520229400,16.9292294921875,-0.08642857565283775,-0.0430064902946353,0.17697240460477767
1733902678530256400,16.93925634765625,-0.1748082853734493,-0.16336816907897592,0.08769329835902899
1733902678540283400,16.949283447265625,-0.13714754002094268,-0.26627573197633025,0.02266125607602298
1733902678550310400,16.959310302734377,-0.016287117934226988,-0.36395635400563475,0.017510814510285855
1733902678560337400,16.96933740234375,0.008399579554796218,-0.4113295150771737,0.043546953846886755
1733902678570364400,16.979364501953125,0.0014127894073724745,-0.3915535321138799,0.04155504937730729
1733902678580390400,16.989390380859376,-0.022350948017835617,-0.3754365100495517,0.007868285689689218
1733902678590417400,16.99941748046875,-0.09080547556281089,-0.3035653059288859,-0.07782244067527354
1733902678600444400,17.0094443359375,-0.18899229354858396,-0.20639102598652243,-0.18540011427551506
1733902678610471400,17.019471435546876,-0.18415829752087592,-0.11236527320295571,-0.27342414242625235
1733902678620498400,17.02949853515625,-0.1112789392709732,-0.01591448522955179,-0.2527993606138974
1733902678630524400,17.0395244140625,0.08353285421133042,0.07594941334500908,-0.20778737571574746
1733902678640551400,17.049551513671876,0.34104981793165207,0.18370222431644798,-0.18182017342951148
1733902678650578400,17.059578369140624,0.5823462992131709,0.2990162643224001,-0.19337361390534788
1733902678660605400,17.06960546875,0.6613175445973872,0.43907808435484763,-0.30123390383925286
1733902678670632400,17.079632568359376,0.4848872109800577,0.583278903888166,-0.506175826996006
1733902678680658400,17.089658447265624,0.10130348870158194,0.6908547508575021,-0.6399111839532852
1733902678690685400,17.099685546875,-0.32791327298283574,0.6419505808264017,-0.6055845514595508
1733902678700712400,17.10971240234375,-0.6074293025434017,0.5203878556892275,-0.35144678184874356
1733902678710739500,17.119739501953124,-0.6475631600111723,0.2848727342881262,0.051069494838826356
1733902678720766200,17.12976611328125,-0.4411187964022159,-0.0014868775568902491,0.3945855567535385
1733902678730792400,17.13979248046875,-0.19412088860869406,-0.2769796429507434,0.5494481651525944
1733902678740819500,17.1498193359375,-0.013404255974292754,-0.4226568186469376,0.562215036538802
1733902678750846500,17.159846435546875,-0.049013914015889164,-0.4532932183206081,0.45541941669434305
1733902678760873200,17.169873291015627,-0.2777577877163887,-0.34012831917256114,0.27059198774024845
1733902678770900500,17.179900390625,-0.5110328751057386,-0.15678542968779802,0.14733363766632973
1733902678780926500,17.189926513671875,-0.5347814149618149,0.06598068477734922,0.13125881077591328
1733902678790953500,17.199953369140626,-0.4261363313257694,0.2783005162909627,0.09718966017458587
1733902678800980200,17.209980224609374,-0.30393209341466426,0.49106955287680026,0.018203582547418773
1733902678811007500,17.220007568359375,-0.2254290500640869,0.6340406844846904,-0.14085066885519773
1733902678821034500,17.230034423828126,-0.30504677665829655,0.7363307000055909,-0.290349192937836
1733902678831061200,17.240061279296874,-0.3901940803289413,0.7517384047567844,-0.3743558386733755
1733902678841087200,17.250087158203126,-0.3606102584481239,0.7580164621129631,-0.4116362429387867
1733902678851114500,17.260114501953126,-0.3425812652826309,0.7324833769276737,-0.3492403578456491
1733902678861141500,17.2701416015625,-0.25074936928153035,0.6245210148587823,-0.24668677775142714
1733902678871168300,17.280168212890626,-0.11821838314533233,0.4635755428820848,-0.14871294492920858
1733902678881195300,17.2901953125,-0.0014659808993339539,0.3294435512900352,-0.11656424099644645
1733902678891221500,17.300221435546874,0.053176878914237016,0.19175094460695982,-0.12375486488658934
1733902678901248500,17.31024853515625,0.12449848632812499,0.08408347383141516,-0.11828494557552038
1733902678911275300,17.320275146484374,0.1701157436430454,-0.009871113412082196,-0.13729274804475716
1733902678921302300,17.33030224609375,0.14270985032320022,-0.06097264735698699,-0.14007679840587078
1733902678931329500,17.34032958984375,0.107409404361248,-0.09577975684404373,-0.10059955994961783
1733902678941355500,17.35035546875,0.043673137509822844,-0.09665390933007001,-0.02009611829575151
1733902678951382300,17.36038232421875,-0.03551028932034969,-0.05461714085042476,0.03168601832445711
1733902678961409300,17.3704091796875,-0.09077508042454718,-0.010771569383144377,0.08275713886478915
1733902678971436500,17.3804365234375,-0.07276128482818603,0.02814385220557451,0.10634126367308198
1733902678981463600,17.390463623046877,-0.03782324243783951,0.02658493232578039,0.07615866304836236
1733902678991489500,17.400489501953125,0.0007049333989620208,0.018849077376723287,0.0022785485243890435
1733902679001516300,17.410516357421876,-0.004192190992832184,-0.010926759944856167,-0.05185419720942154
1733902679011543600,17.42054345703125,-0.05119067353308201,-0.06740238814353942,-0.08383254041080362
1733902679021570600,17.430570556640625,-0.055363575303554534,-0.09243979876637458,-0.12854607208534144
1733902679031597300,17.440597412109376,-0.050179450663924215,-0.08920768497735261,-0.14615147867705672
1733902679041623300,17.450623291015624,-0.10094868391454219,-0.04941752638071775,-0.20262034834139048
1733902679051650600,17.460650634765624,-0.14339841710925103,0.025362989315390584,-0.27753815361633893
1733902679061677600,17.470677490234376,-0.09183598765432834,0.10381927091479301,-0.30981154337469485
1733902679071704300,17.480704345703124,-0.0012029460489749908,0.11365443623065948,-0.392170823762007
1733902679081731300,17.4907314453125,0.0996235727906227,0.10828881754428148,-0.474505079305917
1733902679091758600,17.500758544921876,0.1663654511988163,0.10919511873424052,-0.535345697781071
1733902679101784600,17.51078466796875,0.21806407425403593,0.14060089534521103,-0.545240995786339
1733902679111811300,17.520811279296876,0.17275076832175254,0.1580754694983363,-0.4950247202433645
1733902679121838300,17.53083837890625,0.12468670237660408,0.1800806728184223,-0.394656758826226
1733902679131865600,17.540865478515624,0.1499485694050789,0.16468495076596737,-0.2840820771007798
1733902679141892400,17.550892333984375,0.1769955662846565,0.12197422854751348,-0.21432547224760054
1733902679151918300,17.56091845703125,0.18212533038854598,0.09511837032586336,-0.17384243601597846
1733902679161945300,17.5709453125,0.26028292130231856,0.10238894585072994,-0.17782693907488137
1733902679171972600,17.58097265625,0.4715279631912708,0.09327040437161922,-0.2161631177372299
1733902679181999400,17.590999267578123,0.5417734658062457,0.09684329442232846,-0.32679179467223585
1733902679192026400,17.6010263671875,0.3753904789507389,0.13178396716117857,-0.5161770330611616
1733902679202052400,17.61105224609375,0.08043313463032245,0.18091010937988758,-0.6320718686297535
1733902679212079600,17.62107958984375,-0.17206570866703985,0.19477818347364662,-0.6534237226076424
1733902679222106400,17.6311064453125,-0.3048936319231987,0.16392419552654028,-0.6087924441227689
1733902679232133400,17.64113330078125,-0.27411855443120003,0.1225616730466485,-0.5380432663019746
1733902679242160400,17.651160400390626,-0.19503800345361233,0.084855919508636,-0.4385176009278744
1733902679252186600,17.6611865234375,-0.18788170195817946,0.07876286333054304,-0.3019788769876584
1733902679262212900,17.671212890625,-0.30147885504364963,0.07166355271935462,-0.15576350276153533
1733902679272239900,17.681239990234374,-0.42293256684839725,0.08193857075721026,-0.02877974808947183
1733902679282267000,17.691266845703126,-0.51877019135952,0.07042875022739171,0.11583395396051928
1733902679292294000,17.7012939453125,-0.5085322904616594,0.07328735452890396,0.19856961164586245
1733902679302321000,17.71132080078125,-0.4226572570383548,0.07965221338570118,0.2320970200533047
1733902679312347000,17.721346923828126,-0.3281628638297319,0.09187018218487501,0.23008093099053947
1733902679322374000,17.731373779296874,-0.2541945412993431,0.13706921408772468,0.13705307580367662
1733902679332401000,17.74140087890625,-0.2044412070930004,0.20523878721147776,0.04209615225037559
1733902679342428000,17.751427978515625,-0.13325228614807128,0.2740969271212816,-0.003781354302773252
1733902679352455000,17.761454833984374,-0.0616653057962656,0.33426059618294235,-0.013040646826289594
1733902679362481000,17.77148095703125,-0.03558569264411926,0.4018412635028362,0.033743992033880205
1733902679372508000,17.7815078125,0.06324059228897094,0.42577509679794306,0.0948074412131682
1733902679382535000,17.791534912109373,0.13097849599719047,0.41360388974994416,0.09245079508442432
1733902679392562000,17.80156201171875,0.14065291779339312,0.3647033729806542,0.04184038739101961
1733902679402589000,17.8115888671875,0.1382838505744934,0.2949091212645173,-0.011722604763973504
1733902679412615000,17.821614990234377,0.1812099691092968,0.24044746323674915,-0.0821501676812768
1733902679422642000,17.831641845703125,0.23806641331911085,0.21883710445314644,-0.140731207193993
1733902679432669000,17.8416689453125,0.2551747845083475,0.21618863577097652,-0.14207484035529194
1733902679442696000,17.851696044921876,0.26629180632829663,0.24009587332010268,-0.10730459227990359
1733902679452722700,17.86172265625,0.3322130160033703,0.26887948473393913,-0.04718830602392554
1733902679462750000,17.87175,0.35859658053815363,0.25821838998794555,0.007616886478196829
1733902679472776000,17.88177587890625,0.38456805714070796,0.1915942927405238,-0.04934676269944757
1733902679482803000,17.891802978515624,0.3183563400864601,-0.006857610809803009,-0.2640524299036711
1733902679492829700,17.90182958984375,0.2635088976114988,-0.003474398112297058,-0.275859370216541
1733902679502857000,17.91185693359375,0.19297990188002584,0.03154167795032262,-0.19695563711058348
1733902679512884000,17.921884033203124,0.05197451738715172,-0.0409366982832551,-0.19469006679877637
1733902679522910000,17.931909912109376,-0.11591770498752593,-0.0642050534069538,-0.1394363816104829
1733902679532936700,17.941936767578124,-0.26676526905894277,-0.0643177200011909,-0.11066004018764942
1733902679542964000,17.9519638671875,-0.42695583101511,-0.04379442580193281,-0.10787724106870591
1733902679552991000,17.961990966796876,-0.613915157431364,-0.058218087951838964,-0.16145930325035004
1733902679563017700,17.972017822265624,-0.7758838349759578,-0.035892274375259874,-0.2451421603916213
1733902679573043700,17.982043701171875,-0.8115338250279426,0.040476533425599336,-0.2796622696308419
1733902679583071000,17.992071044921875,-0.8057026346564292,0.10454656227603554,-0.24522275134716182
1733902679593098000,18.002097900390623,-0.8606576291590928,0.15938830566257237,-0.10974562875647097
1733902679603124700,18.012124755859375,-0.942267990875244,0.18169453775584696,0.044722646562755104
1733902679613151700,18.02215185546875,-0.924470468378067,0.23954335400387644,0.1811891455169767
1733902679623177700,18.032177734375,-0.5942968492478132,0.3180846835382283,0.23021986453719437
1733902679633205000,18.042205078125,-0.043433483535051345,0.4411063753120601,0.22463227366320787
1733902679643231700,18.052231689453127,0.3773375213652849,0.5611528506673872,0.11223996632285416
1733902679653258800,18.0622587890625,0.45458150456547736,0.5936084285922348,-0.023648440482467413
1733902679663286000,18.0722861328125,0.24594518387019632,0.6031229836516082,-0.20796755458824334
1733902679673313000,18.08231298828125,-0.11538579006791114,0.6168368900969624,-0.3388021851353347
1733902679683339000,18.092339111328126,-0.4391740920752287,0.6392996279262005,-0.43050117547176775
1733902679693365800,18.10236572265625,-0.6096691904246807,0.6131222534880042,-0.47763935874365265
1733902679703393000,18.11239306640625,-0.5158902520090342,0.49080081893801686,-0.5293509143456816
1733902679713420000,18.122419921875,-0.34785131464004515,0.4543745838165283,-0.44967305506207045
1733902679723446800,18.13244677734375,-0.1461088451117277,0.47667248647287486,-0.254959388191998
1733902679733472800,18.14247265625,0.04880056352615356,0.34175182872116566,0.034408684753999115
1733902679743500000,18.1525,0.2585328627645969,0.1485473243050277,0.30157252467647194
1733902679753527000,18.162527099609374,0.4192997633039951,-0.03452770802378654,0.37536205657385285
1733902679763553800,18.1725537109375,0.46094928603172297,-0.1401236332222819,0.3606258213434368
1733902679773580800,18.182580810546874,0.35488837366998194,-0.18658011784031986,0.4196155512548983
1733902679783606800,18.192606689453125,0.2273813531756401,-0.18570231209248303,0.437585873035714
1733902679793634000,18.202634033203125,0.12102467273771762,-0.16759133973196147,0.4699723312471062
1733902679803660800,18.212660888671873,0.06500584839582443,-0.19168562428578734,0.433335522114858
1733902679813687800,18.222687744140625,0.05634615660011768,-0.28362872557640073,0.3384787983998656
1733902679823715000,18.232715087890625,0.0725227998971939,-0.4363495361737907,0.2230729884572327
1733902679833741800,18.242741943359373,0.04290858287811279,-0.5820628060966729,0.12497406795062124
1733902679843767800,18.252767822265625,-0.00497486580312252,-0.6757770087130367,0.03238989227749407
1733902679853794800,18.262794921875,-0.11329787787795066,-0.5828307217292488,-0.04624751804247498
1733902679863822000,18.272822021484377,-0.22603636830747126,-0.40961978854984044,-0.06577551759406924
1733902679873848800,18.282848876953125,-0.2590133397579193,-0.21274711701497434,-0.09561320463810115
1733902679883874800,18.292874755859376,-0.24827450360059736,-0.004210018910467624,-0.15914919967707244
1733902679893901800,18.30290185546875,-0.24359248326420782,0.11663155234530567,-0.14538597419727592
1733902679903929000,18.31292919921875,-0.23993337623476982,0.14980433862879872,-0.0804793483922258
1733902679913955800,18.322955810546876,-0.17801497246026993,0.12173106744140386,-0.00153488141708076
1733902679923982800,18.33298291015625,-0.10295534756183623,0.042070232357829807,0.09983739820439368
1733902679934009900,18.343009765625,-0.07770107931792736,-0.058933250483870506,0.17156817094106225
1733902679944035800,18.353035888671876,-0.08096797215938567,-0.15412380926311015,0.23897238571550697
1733902679954062800,18.363062744140624,-0.14068974267244339,-0.21683803959041834,0.24449542345330116
1733902679964089900,18.37308984375,-0.19764204847216604,-0.22382044582366942,0.17705390887577085
1733902679974116900,18.383116943359376,-0.23433365653157232,-0.17275369093120096,0.051617739838734265
1733902679984144000,18.393143798828124,-0.2578630006790161,-0.09534209607914089,-0.07621241166274995
1733902679994169900,18.403169921875,-0.22892215287685394,-0.024574907677620647,-0.1706266523072496
1733902680004196900,18.41319677734375,-0.20755787780880927,0.04469181303307414,-0.200258989504911
1733902680014224000,18.423223876953124,-0.18510639202594756,0.09884630480781197,-0.17372584216529502
1733902680024251000,18.4332509765625,-0.1697287901520729,0.12694208008795976,-0.13011722125904635
1733902680034278000,18.44327783203125,-0.15868074191510675,0.1416127027362585,-0.07095056387810036
1733902680044304000,18.453303955078123,-0.07905658558011054,0.19013693353906272,-0.04803936989530921
1733902680054331000,18.463330810546875,-0.04083119208216667,0.2067088597640395,-0.030072610044758766
1733902680064357600,18.473357666015627,0.046153848409652705,0.1650526150345802,0.006930767377559095
1733902680074385000,18.483385009765627,0.10732114155590533,0.08623729086443781,0.043430533526139334
1733902680084412000,18.493411865234375,0.05729191301763057,-0.029674568904191255,0.13267080559884198
1733902680094438000,18.50343798828125,-0.03693944534063339,-0.13561273166909812,0.2369869657856412
1733902680104465000,18.51346484375,-0.14022212516069413,-0.25295082484856246,0.2859399616608396
1733902680114492000,18.523491943359375,-0.2587947285711765,-0.29528102331683037,0.27944002344859764
1733902680124519000,18.533518798828126,-0.29358313335776326,-0.23924378653541206,0.21694559161812066
1733902680134546000,18.5435458984375,-0.22418869461417196,-0.1316800683952868,0.16236441713022068
1733902680144573000,18.553572998046874,-0.06261281577944755,-0.04612286874949932,0.11370797478249296
1733902680154599000,18.563598876953126,0.05812953288555145,-0.02806581853330135,0.09506541629591957
1733902680164626000,18.5736259765625,0.14158113855421542,0.0553559765189886,0.02499283169559203
1733902680174653000,18.58365283203125,0.24074235453009604,0.038099867422133685,-0.012443669597117695
1733902680184680000,18.593679931640626,0.3083294515907764,0.001754880843311548,-0.03476435262414161
1733902680194707000,18.60370703125,0.27842648075819015,-0.030003070206195113,-0.007137080771732144
1733902680204733000,18.61373291015625,0.24502456189393995,-0.048163580796867604,0.027428032086417076
1733902680214760000,18.623760009765626,0.2826104884445667,-0.006167728849500417,-0.022684330990933813
1733902680224786700,18.63378662109375,0.29226094484329224,0.053773675763607025,-0.13645510077737272
1733902680234814000,18.64381396484375,0.20582886205911635,0.11189297951608895,-0.2522494351135567
1733902680244841000,18.653841064453125,0.12530571105778215,0.131744950325042,-0.3102013098772615
1733902680254867000,18.663866943359373,0.11547405287325381,0.15016922641843555,-0.3377799659481272
1733902680264894700,18.673894775390625,0.1403355224072933,0.1570250836625695,-0.328474815855734
1733902680274921700,18.683921630859373,0.1590367157459259,0.1518970731243491,-0.33980248475167896
1733902680284948700,18.69394873046875,0.20014906285703182,0.13833236589133738,-0.362423554947786
1733902680294975700,18.703975830078125,0.18696750972270965,0.13639073030427099,-0.42641887459419664
1733902680305001700,18.714001708984377,0.08829027787148952,0.14270137475579978,-0.5220445003224536
1733902680315028700,18.72402880859375,-0.07360533443689346,0.18632541242688894,-0.5888320810358971
1733902680325055700,18.7340556640625,-0.2500362525761127,0.21889234177172182,-0.5578533707305788
1733902680335082800,18.744082763671877,-0.3161865948319435,0.23623072232455014,-0.47370282301232214
1733902680345109800,18.75410986328125,-0.2634334942877293,0.22592925467118619,-0.39027141988147046
1733902680355135700,18.7641357421875,-0.1592068116158247,0.145526369048655,-0.3433583506023511
1733902680365162800,18.774162841796876,-0.13987258107066153,0.03825184311345219,-0.29073479472193864
1733902680375189800,18.784189697265624,-0.1141506953150034,-0.07876710111424326,-0.3050987443075515
1733902680385216800,18.794216796875,-0.07603168480098248,-0.1184071837157011,-0.3053297583181411
1733902680395243500,18.804243408203124,-0.1492857215821743,-0.09069397801235318,-0.31270386728271843
1733902680405270800,18.814270751953124,-0.28253333155512805,-0.02560907303094864,-0.2616758734980598
1733902680415296800,18.824296875,-0.4034942914068699,0.032344957157224415,-0.20358245310550555
1733902680425323800,18.83432373046875,-0.43997254897654053,0.056881870912015436,-0.17036361745689063
1733902680435350800,18.844350830078124,-0.33718846632838245,0.021587562429904936,-0.13358710759300738
1733902680445377800,18.854377685546876,-0.22732056289911268,-0.050109454167634244,-0.08939412919385357
1733902680455404800,18.86440478515625,-0.15456512328982352,-0.1825191520117223,-0.05215201111221686
1733902680465430800,18.8744306640625,-0.1289823537439108,-0.2710090441085398,-0.02071976661942899
1733902680475457800,18.884457763671875,-0.11575871503353118,-0.28758009355068204,-0.013199417584575712
1733902680485484800,18.89448486328125,-0.13507424087822437,-0.2538315532058477,-0.003519570694584399
1733902680495511800,18.90451171875,-0.2524842302501201,-0.17005875275880097,-0.02501589291077107
1733902680505538800,18.914538818359375,-0.36789807736873625,-0.10878946054279803,-0.06897011238429696
1733902680515564800,18.924564697265627,-0.4035094889760017,-0.09146072460114955,-0.09919630555557087
1733902680525591800,18.934591796875,-0.33716800806224345,-0.09524111992269754,-0.04047317242473364
1733902680535618800,18.944618896484375,-0.2011515178978443,-0.12158449857756495,0.04811515681156888
1733902680545645800,18.954645751953127,-0.04759294130206108,-0.14530293555632232,0.14796877549840137
1733902680555672600,18.964672607421875,0.04882628248929977,-0.14072452172487973,0.21617519176751374
1733902680565698800,18.97469873046875,0.06721534113883972,-0.11499971335977316,0.2616855911744758
1733902680575725800,18.984725830078126,0.02383212648630142,-0.06623100627660751,0.25297650727909055
1733902680585752800,18.9947529296875,0.045509705287218094,0.013458178118616342,0.24798943958152084
1733902680595779600,19.004779541015626,0.07393500478267669,0.07244564300775527,0.2342578148163855
1733902680605806800,19.014806884765626,0.03552548688948154,0.09119520553275942,0.257827965898253
1733902680615833900,19.024833740234374,-0.005795534536242485,0.09907529125809669,0.2602954885229468
1733902680625859800,19.03485986328125,0.058387891560792916,0.12176993814706802,0.2325769855899736
1733902680635886600,19.044886474609374,0.09500701890587807,0.10690788457989692,0.20436061613745987
1733902680645913900,19.054913818359374,0.042806876069307324,0.06504238101392984,0.14204868300072848
1733902680655940900,19.06494091796875,-0.0026338556349277493,-0.012045680972188711,0.1057263101125136
1733902680665967600,19.074967529296874,-0.07400456288754939,-0.06489201275780797,0.034837614223174745
1733902680675993600,19.08499365234375,-0.1397258660763502,-0.08587342598810792,-0.04598539650756865
1733902680686020900,19.095020751953125,-0.21638766547441482,-0.0634150720730424,-0.13281002227328717
1733902680696047900,19.1050478515625,-0.35955695000290866,-0.022303017222881315,-0.15711064305417238
1733902680706074600,19.11507470703125,-0.4666483744561672,0.015623831719905137,-0.1452184721432626
1733902680716101600,19.1251015625,-0.4633937565743923,0.024425416204333306,-0.074945022075437
1733902680726127900,19.1351279296875,-0.36628128982186314,0.025106091944873333,0.02469064301177859
1733902680736155000,19.14515478515625,-0.2872919242590666,0.05902998885661363,0.09398352107703685
1733902680746181600,19.155181640625,-0.15578794308304786,0.09456716618388891,0.12342665584553032
1733902680756208600,19.165208740234377,-0.024555764585733414,0.11212649601101875,0.08680873407684266
1733902680766236000,19.17523583984375,-0.012044658058881759,0.08197115785256028,0.032788097814843056
1733902680776262000,19.185261962890625,-0.028349311649799345,0.04721665533557534,-0.0012618731619790196
1733902680786288600,19.19528857421875,-0.010745265898108482,0.013094313242286442,-0.03274509892333299
1733902680796315600,19.205315673828125,-0.03289221577644348,-0.04368950412273407,0.0006315028365701437
1733902680806343000,19.215343017578125,-0.04541618178486824,-0.08248992102965712,0.026719189697317777
1733902680816369700,19.22536962890625,-0.056880994129180906,-0.11025938696488738,-0.0018145751412957905
1733902680826395600,19.235395751953124,-0.0447948350161314,-0.15775968154743314,-0.04151113717034459
1733902680836422700,19.245422607421876,0.07890987058579921,-0.17169219917953013,-0.11378266572020947
1733902680846450000,19.255449951171876,0.25608722317814825,-0.1501376622363925,-0.24606935823913662
1733902680856476700,19.2654765625,0.2656213597208261,-0.08146686159223318,-0.34153325406704094
1733902680866503700,19.275503662109376,0.07655190928280353,0.02200491105914116,-0.3356999448036775
1733902680876530700,19.28553076171875,-0.13535422686338425,0.17046791808158157,-0.2550838548218831
1733902680886557000,19.295556884765624,-0.3312169907033443,0.2935784571826458,-0.14268606758881358
1733902680896583700,19.305583740234376,-0.3720166186034679,0.37067747895419595,-0.03014156536143273
1733902680906610700,19.315610595703124,-0.2685503989100456,0.38307664953917264,0.05982322159353643
1733902680916637700,19.3256376953125,-0.07325403678119183,0.3375593454673886,0.11459142481982708
1733902680926664700,19.335664794921875,0.1356219378888607,0.17177286320030688,0.08305095244590192
1733902680936690700,19.345690673828123,0.21968904510736464,0.25200199969112874,0.11508501702304928
1733902680946717700,19.3557177734375,0.18852350699305534,0.46187370740026235,0.19224092008098959
1733902680956744700,19.36574462890625,0.19867314508557318,0.5375652004614472,0.187195327129215
1733902680966772000,19.37577197265625,0.23497487704455852,0.4912918173253536,0.13877660252749918
1733902680976798700,19.385798828125,0.22060849803984164,0.3908554668471217,0.07645191950704902
1733902680986824700,19.39582470703125,0.12883973040282726,0.26029490400105715,0.005784099826775491
1733902680996851700,19.405851806640626,0.04520458486080169,0.11337298894077538,-0.09027242813203483
1733902681006879000,19.41587890625,-0.0421370139837265,-0.04789630816280842,-0.21692297792751342
1733902681016905700,19.42590576171875,-0.2752361602842808,-0.1785372427687049,-0.2760091904833913
1733902681026932700,19.4359326171875,-0.48930210481286046,-0.22862521575689315,-0.2621328965505585
1733902681036958700,19.445958740234374,-0.5552969642460346,-0.23985154317021368,-0.17412914400286972
1733902681046986000,19.455986083984374,-0.5646738644003868,-0.1835992023333907,-0.04511650471854955
1733902681057012700,19.4660126953125,-0.41844928395450115,-0.10858312431573867,0.07538290203604847
1733902681067039700,19.476039794921874,-0.207256264513731,-0.042378421524167056,0.12735555625967682
1733902681077066800,19.486066650390626,-0.13994272369742392,0.03412877183407545,0.09920582230258733
1733902681087092700,19.4960927734375,-0.17783961589336394,0.10584230117499828,0.04422810451146215
1733902681097119700,19.50611962890625,-0.20807693324685095,0.14889379965513944,-0.009839878023602068
1733902681107146800,19.516146728515626,-0.2516764209985733,0.17006109084635973,-0.05054368086643517
1733902681117173800,19.526173828125,-0.350115752440691,0.14351678279191254,-0.04900788613390177
1733902681127200800,19.53620068359375,-0.3270060950100422,0.13174246610701085,0.005498085959628224
1733902681137226800,19.546226806640625,-0.1748316662490368,0.11826865202784538,0.0898496361427009
1733902681147253800,19.556253662109373,0.060553545162081716,0.14946926145553588,0.12049352500308304
1733902681157280800,19.56628076171875,0.2064753432691097,0.2058440596282482,0.07714961944762617
1733902681167307800,19.576307861328125,0.28938977332115173,0.27224486951380966,-0.05631877540284767
1733902681177334800,19.586334716796873,0.2314332589149475,0.3282259921938181,-0.21634570776252074
1733902681187361800,19.59636181640625,0.10173486585617064,0.3609592180162668,-0.3527065726514905
1733902681197387800,19.6063876953125,-0.04889291798472404,0.3787701845169067,-0.3813213668370619
1733902681207414800,19.616414794921877,-0.1101502275019884,0.33616175362914796,-0.34332426566965873
1733902681217441800,19.62644189453125,-0.02530745973587036,0.2658545839548111,-0.22245160515587775
1733902681227468800,19.63646875,0.15831073955893515,0.1709311516791582,-0.10830741264689712
1733902681237495600,19.64649560546875,0.28696868365406986,0.0647848991215229,-0.07752406051689759
1733902681247521500,19.656521484375,0.2823141358464956,-0.008387889117002487,-0.13184028219198807
1733902681257548800,19.666548828125,0.17748890275955198,-0.06053425593972206,-0.2088377798178233
1733902681267576000,19.676576171875,0.00950315688252449,-0.06683394060581922,-0.24940221072258426
1733902681277603000,19.68660302734375,-0.15554945815205573,-0.055636254765093325,-0.25217224169149993
1733902681287630000,19.696630126953124,-0.21114801125526428,-0.031845921593904494,-0.1986319362923503
1733902681297656000,19.706656005859376,-0.22119944967031477,0.00948357539921999,-0.14555802456224337
1733902681307683000,19.71668310546875,-0.15038462273478506,0.039711248141527176,-0.09010048736492171
1733902681317710000,19.7267099609375,-0.07493629077970981,0.04643354213386774,-0.015314966700132935
1733902681327737000,19.736737060546876,-0.045865094596147536,0.059059799472987645,0.017206004611123354
1733902681337764000,19.74676416015625,-0.022309446963667868,0.07276859135180712,0.030293906378932294
1733902681347790000,19.7567900390625,0.01625789183974266,0.06626490854620933,0.05506468368852511
1733902681357816800,19.76681689453125,-0.003849661165475845,0.06761193924099207,0.0644695860946551
1733902681367844000,19.776843994140624,-0.12004326048493384,0.08905833963453769,0.04255461834128946
1733902681377871000,19.78687109375,-0.20872107636928558,0.1096864093825221,0.042286633321177214
1733902681387897900,19.79689794921875,-0.2621884626626968,0.1019809495717287,0.055472753032762556
1733902681397925000,19.806925048828123,-0.24149989489912985,0.08334142329245806,0.09498646930819377
1733902681407951000,19.816951171875,-0.19343232182264328,0.0755465316325426,0.0970456668603234
1733902681417978000,19.82697802734375,-0.18251345292329788,0.061922495427727695,0.08834253778168931
1733902681428004900,19.8370048828125,-0.1880161419928074,0.031686931639909745,0.07870231051603331
1733902681438032100,19.8470322265625,-0.20897885052263734,0.005615501794219017,0.06545163766825571
1733902681448059100,19.85705908203125,-0.2492231826275587,0.00449994176775217,0.05537170381108299
1733902681458085000,19.867085205078126,-0.23908465045094487,0.016402268746495245,0.049245585613604634
1733902681468112000,19.87711181640625,-0.20942951689958572,0.05529986241757869,0.007820482758898288
1733902681478139100,19.88713916015625,-0.17376199119091032,0.08007949888706206,-0.04796020371187478
1733902681488166100,19.897166259765626,-0.11797522203922271,0.14060118760615586,-0.13551002021329478
1733902681498193200,19.907193115234374,-0.08592822491526603,0.1880263711258769,-0.19663429620172826
1733902681508219000,19.917218994140626,-0.10536474679112434,0.2303875492542982,-0.2057110808983445
1733902681518246000,19.927245849609374,-0.12367314141988754,0.23099194488823413,-0.1627047915331088
1733902681528273200,19.937273193359374,-0.08211597315073013,0.21736089442074297,-0.13870688002584503
1733902681538300200,19.947300048828126,0.01556815600991249,0.1969064276739955,-0.15301904462529345
1733902681548327000,19.957326904296874,0.069874331215024,0.18458938241451978,-0.19829848482059315
1733902681558353000,19.967352783203125,0.08143383610546588,0.15428601408749817,-0.22167008112305775
1733902681568380200,19.977380126953125,0.09848433962762355,0.12741115890443325,-0.23521818428114055
1733902681578407200,19.9874072265625,0.07961421946287155,0.10750380464643239,-0.2448546852197498
1733902681588434000,19.997433837890625,0.03216507054567337,0.08942249677181244,-0.26505377069963143
1733902681598461200,20.007461181640625,-0.01705167256593704,0.057252165529131885,-0.24726108877435324
1733902681608487200,20.017487060546873,0.008650339445471764,0.04655804529637098,-0.21134727842072024
1733902681618514200,20.02751416015625,0.02855389431118965,0.05022007493525743,-0.19398400088865309
1733902681628541000,20.037541015625,0.08752396967411041,0.06933101811856031,-0.19671534381499514
1733902681638568000,20.04756787109375,0.14771452674269675,0.07292933487147092,-0.19665647150091825
1733902681648595200,20.05759521484375,0.12739186968207358,0.04057750958204269,-0.19126301495954393
1733902681658622000,20.0676220703125,0.13055121049582957,0.047674189844727516,-0.19959826057385652
1733902681668648000,20.07764794921875,0.12153846747875213,0.06209960556030273,-0.21067288629049433
1733902681678675000,20.087675048828125,0.06945756710767746,0.08058540258258581,-0.16396772414101288
1733902681688702200,20.0977021484375,0.07372574594616889,0.08265577911585568,-0.16255858799545092
1733902681698729000,20.10772900390625,0.1163069965660572,0.1065910737156868,-0.21822843450289217
1733902681708756000,20.117755859375,0.06163432613611221,0.1332072779625654,-0.3058255059458315
1733902681718782000,20.127781982421876,-0.030680384945869443,0.09776040926724672,-0.3506464252512902
1733902681728809200,20.137809326171876,-0.1494412044048309,0.017111878320574758,-0.3347821358390152
1733902681738836000,20.1478359375,-0.18506898262500762,-0.020276187570393085,-0.32366547934524714
1733902681748863000,20.157863037109376,-0.22794833940863607,0.012087912678718567,-0.31855288557186723
1733902681758890200,20.16789013671875,-0.2691331672340631,0.04150456129908561,-0.22469744785390794
1733902681768916200,20.177916259765624,-0.26661796954274175,0.10889964291900396,-0.0723820351530565
1733902681778943000,20.18794287109375,-0.17343465893268584,0.2043736948147416,0.015558219137787817
1733902681788970000,20.197969970703124,-0.09529927985072136,0.3090413992524147,0.11132090611602179
1733902681798997000,20.2079970703125,0.05981061784029006,0.36837533949166534,0.1225214689004235
1733902681809024000,20.21802392578125,0.10757891570925712,0.3575564238354563,0.11469923257585614
1733902681819050000,20.228050048828123,0.06020809272527694,0.32236966738104816,0.10590190414143726
1733902681829077000,20.238076904296875,0.030875615257024765,0.300980257871747,0.07357545988843776
1733902681839104000,20.24810400390625,-0.05712766236662865,0.29247575663775205,0.0539536080409307
1733902681849131000,20.258131103515623,-0.1640600968658924,0.2720087226703763,0.04208929325132631
1733902681859158000,20.268157958984375,-0.21982933036088942,0.2543319039434194,0.037463734076218676
1733902681869184000,20.27818408203125,-0.2089420256435871,0.2295958143547177,-0.022384827454551122
1733902681879211000,20.2882109375,-0.18582710751593112,0.1619917661592364,-0.11877136825243942
1733902681889238000,20.298238037109375,-0.1781687017172575,0.06129238083064556,-0.15958421182716265
1733902681899265000,20.30826513671875,-0.17163491603434086,-0.057604632228612895,-0.19982770368186756
1733902681909292000,20.3182919921875,-0.2358651038825512,-0.08227963927984237,-0.20817337935864924
1733902681919318000,20.328318115234374,-0.2636275555551052,-0.019328969848155974,-0.17043332169223577
1733902681929345000,20.338344970703126,-0.24203765503764152,0.07417144388705492,-0.08573414538158103
1733902681939372000,20.3483720703125,-0.13451134629845618,0.1736456713348627,-0.018518758576968684
1733902681949399000,20.35839892578125,0.022587094861268996,0.2179024539515376,0.03705744569711387
1733902681959426000,20.368426025390626,0.08619768950641155,0.2040557149067521,0.0558728856657166
1733902681969453000,20.378453125,0.04863455930948257,0.15531740296185015,0.0736285691820085
1733902681979479000,20.38847900390625,0.1296352646946907,0.10006693264394997,0.06293435761770233
1733902681989506000,20.398506103515626,0.16432079362869262,0.06231178700625896,-0.043394083106424654
1733902681999533000,20.408532958984374,-0.02057867764830589,0.06596329525113105,-0.11221921579577028
1733902682009560000,20.41856005859375,-0.24508535217046737,0.10313917969614267,-0.1359881591190584
1733902682019587000,20.428587158203126,-0.3288742269694805,0.13479893106818197,-0.14395009617526083
1733902682029613000,20.438613037109373,-0.42824294821619985,0.10320698423534631,-0.14726619845330716
1733902682039640000,20.44864013671875,-0.45870822910666464,-0.010922960552573203,-0.07140804358832538
1733902682049667000,20.4586669921875,-0.28441373847424983,-0.048316871662437914,-0.009654401921480893
1733902682059694000,20.468694091796873,0.03645429217219352,0.019822598583996296,0.012031944707781076
1733902682069721000,20.47872119140625,0.3463151911139488,0.07441548177599906,-0.019417250919807703
1733902682079747000,20.4887470703125,0.42294016563296316,0.13700228633135556,-0.13703021551789715
1733902682089774000,20.498774169921877,0.23632103095650672,0.17548223911225794,-0.2761967306784354
1733902682099801000,20.508801025390625,-0.028973581027984616,0.1955333857551217,-0.33759003286659717
1733902682109828000,20.518828125,-0.2876321159988642,0.1712748505502939,-0.3557014801511541
1733902682119854800,20.528854736328125,-0.47183892883658407,0.10161942278295755,-0.32746359298657624
1733902682129881000,20.538881103515624,-0.4514057971388101,0.020896657556295394,-0.3102781745057553
1733902682139908000,20.548908203125,-0.47730420850515365,-0.03621171558797359,-0.2926624017836526
1733902682149935000,20.55893505859375,-0.6241086346656084,-0.13192834406793116,-0.1821815540878102
1733902682159961900,20.5689619140625,-0.6164835466146469,-0.17224778723567724,-0.04591065077092498
1733902682169989000,20.578989013671876,-0.3140951755106449,-0.17944120587110518,0.004890913846716284
1733902682180015000,20.58901513671875,0.1273614745438099,-0.13255407475084066,-0.05933843375127762
1733902682190042000,20.5990419921875,0.3363116834938526,-0.08220569726079702,-0.17569913326594977
1733902682200068900,20.60906884765625,0.18996961414813995,0.0009913491249084472,-0.22713062981758264
1733902682210096000,20.61909619140625,0.02408230185508728,0.10618044708818197,-0.24776765005700288
1733902682220123100,20.629123046875,-0.07657587468028068,0.21162322755157947,-0.2446279637917876
1733902682230149000,20.639149169921875,-0.14360066168308258,0.2749854003936052,-0.16905257139094174
1733902682240175900,20.64917578125,-0.13781857115030288,0.3020841274604201,-0.007995638396404683
1733902682250203100,20.659203125,-0.11121347281932831,0.2768976637557149,0.1557943728238344
1733902682260230100,20.669230224609375,-0.08384031272530555,0.16310937201231718,0.3259854832580313
1733902682270256600,20.679256591796875,0.1615595122218132,-0.01812222440689802,0.3601928367536515
1733902682280283600,20.68928369140625,0.5802303299725056,-0.16529636066257952,0.17448983054142445
1733902682290309600,20.6993095703125,0.7558733126044272,-0.3143687317550182,-0.10378014448080211
1733902682300336600,20.709336669921875,0.5247948584765195,-0.40065965250283475,-0.37100777035448695
1733902682310363600,20.71936376953125,0.08631751649379729,-0.31280367439538237,-0.5299252436349168
1733902682320390700,20.729390625,-0.29894319908618927,-0.125662269410491,-0.47253345043938605
1733902682330417700,20.739417724609375,-0.5179571214109658,0.12094459323883056,-0.2968285084871575
1733902682340443600,20.749443603515626,-0.52634208791852,0.2893327824369073,-0.14260284628476946
1733902682350470700,20.759470703125,-0.4401075735330581,0.40067952624708414,-0.10672456390224397
1733902682360497700,20.76949755859375,-0.42834757763445375,0.40571722815334793,-0.04705262388028204
1733902682370524700,20.779524658203126,-0.35696050376892086,0.33093174402117725,0.05258830190394073
1733902682380551700,20.7895517578125,-0.22138708119690417,0.20639935542345045,0.12955752328336237
1733902682390577700,20.79957763671875,-0.15568272914290426,0.0749631787866354,0.17755330976527184
1733902682400604700,20.809604736328126,-0.16335282537937162,0.03148556384891271,0.2421705241696909
1733902682410631700,20.819631591796874,-0.21629764910340307,0.07173924830406904,0.3016266660165042
1733902682420658700,20.82965869140625,-0.16453239055275917,0.1752896391496062,0.3372808938521892
1733902682430685700,20.839685791015626,0.062004913014173504,0.3083677377745509,0.33843795493282375
1733902682440711700,20.849711669921874,0.2507306645810604,0.33234453342854975,0.3717729460407048
1733902682450738700,20.85973876953125,0.32364860127568246,0.4546487245827913,0.2729695670591667
1733902682460765700,20.869765625,0.14421908584237098,0.5369505756944417,0.19030673714801669
1733902682470792700,20.879792724609374,-0.15601356853246687,0.5552765059798955,0.08031633985023945
1733902682480819700,20.88981982421875,-0.3970312328726053,0.5653659383177757,0.02050561241209507
1733902682490846700,20.8998466796875,-0.46913843770623204,0.5635641495928168,0.015365546109899878
1733902682500872700,20.909872802734377,-0.38138299736380576,0.5714648397147655,0.10470167977251112
1733902682510899700,20.919899658203125,-0.18168693897128105,0.5497872609138489,0.23967640579901633
1733902682520926700,20.9299267578125,0.01654547660946846,0.5227627681270242,0.27328758349977433
1733902682530953700,20.93995361328125,0.11921674653291701,0.5113485169261693,0.1991858073154464
1733902682540980500,20.94998046875,0.06175415312349796,0.5065427240796387,0.05212196303382516
1733902682551006500,20.96000634765625,-0.08910685495138168,0.3784137722946703,-0.002081738177500665
1733902682561033700,20.97003369140625,-0.18576397915184498,0.25868600749969484,0.0513358176248148
1733902682571060700,20.980060791015624,-0.13524316770434378,0.1791355009227991,0.12478508471716195
1733902682581087500,20.99008740234375,-0.06090601186156273,0.1125717555604875,0.17547836665473876
1733902682591114800,21.00011474609375,-0.0469733480989933,0.05890212469324469,0.23140812447369097
1733902682601140700,21.010140625,0.022710428979992866,0.0072616615660488605,0.2591299518749118
1733902682611167700,21.020167724609376,0.13626900362074373,-0.06071034315899014,0.1639357398338616
1733902682621194500,21.030194580078124,0.17047697817087173,-0.1440004746556282,-0.0695064842833206
1733902682631221800,21.0402216796875,0.10701894373893737,-0.25836656628698107,-0.3805272938499227
1733902682641248800,21.050248779296876,-0.0008317746490240096,-0.32901085896119475,-0.5956563375653698
1733902682651274800,21.060274658203124,-0.07551789005994797,-0.32545755039379,-0.6342134107030928
1733902682661301500,21.070301513671875,-0.0912672478556633,-0.2889171873733401,-0.55977582669314
1733902682671328800,21.080328857421875,-0.07978957602977753,-0.22690379879176614,-0.4407013747077435
1733902682681355800,21.090355712890624,-0.052498249000310894,-0.1584850732125342,-0.26605565948486326
1733902682691382500,21.100382568359375,0.022862404671311377,-0.10975582135692238,-0.14248444406948982
1733902682701408500,21.110408447265623,0.10568740287423133,-0.05853928273022174,-0.14811547222640364
1733902682711435500,21.120435546875,0.04460018922686577,-0.1249285483084619,-0.117759058537893
1733902682721462800,21.130462890625,-0.029908231529593467,-0.2818677072532475,-0.1792806084819138
1733902682731489500,21.140489501953127,-0.04199088351130485,-0.4380941878840327,-0.2914573003102094
1733902682741516500,21.1505166015625,-0.06269581788778304,-0.5898335862286389,-0.3532720610471442
1733902682751542500,21.16054248046875,-0.08909048833847046,-0.7161822304680943,-0.32037732452005147
1733902682761569800,21.17056982421875,-0.1321136375069618,-0.7733145690098404,-0.26344156799633056
1733902682771596500,21.180596435546875,-0.1938882488965988,-0.7454748143173754,-0.20182843077871948
1733902682781623600,21.19062353515625,-0.2307452766507864,-0.6104505500607192,-0.1433550528915599
1733902682791650800,21.20065087890625,-0.22761399288773534,-0.41341581983193754,-0.13638462935704737
1733902682801677800,21.210677734375,-0.1838847412765026,-0.21858327582255005,-0.14791607719678432
1733902682811703800,21.220703857421874,-0.15073007517158984,-0.11887684705406426,-0.09337923504095524
1733902682821730600,21.23073046875,-0.14734744699597357,-0.06380611721724272,-0.06063431878071278
1733902682831757800,21.2407578125,-0.1305062023103237,-0.07726020368263124,-0.061683718235790726
1733902682841784800,21.250784912109374,-0.12162614576220512,-0.13796294805705547,-0.08090100787039846
1733902682851811600,21.2608115234375,-0.1395253750681877,-0.22146832973957062,-0.08871873241662978
1733902682861837600,21.270837646484374,-0.22449732217192647,-0.2672663504488766,-0.10291899760682136
1733902682871864600,21.280864501953126,-0.3355401145994663,-0.27369609123542904,-0.09597294132858514
1733902682881891800,21.290891845703126,-0.44892976241409777,-0.22115064209252594,-0.07725454112682491
1733902682891918600,21.300918701171874,-0.49463235992491245,-0.09372896179407834,-0.049728565091267225
1733902682901945600,21.310945556640625,-0.4173176495760679,0.10901771634072065,-0.04903397042322904
1733902682911971600,21.3209716796875,-0.2562929748833179,0.2991824146695435,-0.05109912279210985
1733902682921998800,21.330998779296873,-0.06748831286132335,0.44217605037018654,-0.003880385097302496
1733902682932025600,21.341025634765625,0.09496727141737937,0.5470880849577486,0.06065726126488298
1733902682942052600,21.351052490234373,0.1716232255965471,0.573696252028644,0.04595229795556515
1733902682952080000,21.361079833984373,0.1174924069583416,0.5346344077065587,0.01715527907088399
1733902682962105900,21.37110595703125,0.07131283958554267,0.4371585144691169,0.026810338579490778
1733902682972132600,21.381132568359376,0.099084059086442,0.3462114384785294,0.05675736774951219
1733902682982159600,21.39115966796875,0.10059797078073024,0.25284809512645007,0.08422470893301069
1733902682992187000,21.401186767578125,0.08645078748464584,0.12394245988056063,0.10577508115768432
1733902683002213600,21.411213623046876,0.012686463093757629,-0.005292115058749914,0.09476546523496508
1733902683012239600,21.421239501953124,-0.11844634668231009,-0.11650602626949548,0.05022142664212733
1733902683022266600,21.4312666015625,-0.24881810895800588,-0.1940995535597205,0.028825441261567174
1733902683032293600,21.441293701171876,-0.30042437755465506,-0.24431641362458467,0.05331223226431757
1733902683042320600,21.451320556640624,-0.2694868029773235,-0.26504896666035055,0.11907909162789583
1733902683052347600,21.46134765625,-0.1715419770538807,-0.26742066422775385,0.1749195271955803
1733902683062373600,21.47137353515625,-0.07707038019895553,-0.2617918645605445,0.1807408902928233
1733902683072400600,21.481400634765624,-0.041564182531833645,-0.2730624695070088,0.18823758445745334
1733902683082427600,21.491427734375,-0.05074117619991302,-0.2717550401702523,0.15930535835316403
1733902683092454700,21.50145458984375,-0.07022329078316689,-0.2575892983041704,0.08751631609061733
1733902683102481700,21.511481689453124,-0.05623334387540817,-0.2531637369468808,-0.013955313985794781
1733902683112507600,21.521507568359375,-0.02891688240468502,-0.30643662358149887,-0.08646258752029388
1733902683122534700,21.53153466796875,0.0065127428948879235,-0.3756038294404745,-0.07855347662987187
1733902683132561700,21.541561767578123,0.04346738580465317,-0.42949587088674307,-0.04522813013317063
1733902683142588700,21.551588623046875,0.07353285372257232,-0.43004342176690696,-0.048905302542261775
1733902683152615700,21.56161572265625,0.08961012829840183,-0.36120924725458026,-0.19337513000899925
1733902683162642700,21.571642578125,0.017557868522405623,-0.29171427074596284,-0.32522640851903706
1733902683172668700,21.581668701171875,-0.08086334274113177,-0.224067406322062,-0.39486645605415105
1733902683182695700,21.59169580078125,-0.051471244040131564,-0.14542933841496705,-0.42765345789045095
1733902683192722400,21.601722412109375,-0.0035328503012657165,-0.05528875650167465,-0.40097470980137584
1733902683202749700,21.611749755859375,0.01300795013308525,0.0011558920368552206,-0.33319778925701976
1733902683212776700,21.621776611328126,0.019975451058149338,0.0056854982905089856,-0.2576137386256829
1733902683222802700,21.631802734375,-0.00964168857038021,-0.010096008209139109,-0.19244521048143504
1733902683232829700,21.64182958984375,-0.026747721672058102,-0.02370060906112194,-0.16980158139364793
1733902683242856700,21.651856689453126,-0.027600539109110832,-0.011540215668082237,-0.14076761194793508
1733902683252883700,21.6618837890625,-0.06083703827857971,0.03349836497604847,-0.06944061597287654
1733902683262910700,21.67191064453125,-0.12204174082577228,0.1007063995912671,0.015690120155457406
1733902683272936700,21.681936767578126,-0.2008288618147373,0.21850918767303226,0.09340621437942609
1733902683282963700,21.691963623046874,-0.2206102516055107,0.3218304459378123,0.14858935508215798
1733902683292990700,21.70199072265625,-0.16477204452753066,0.3812722304657101,0.19859962319163604
1733902683303017700,21.712017822265626,-0.08323124091625213,0.3990872886195779,0.2142750937672332
1733902683313044700,21.722044677734374,-0.023404256463050842,0.43568712674230337,0.1610691166226752
1733902683323070700,21.73207080078125,0.05775485435426235,0.4640981054514646,0.02436935690185055
1733902683333097700,21.74209765625,0.10180559300482273,0.49707420011907816,-0.1403512496993877
1733902683343125000,21.752125,0.03911503581404686,0.5335758385643362,-0.26999592154324054
1733902683353151700,21.76215185546875,-0.09947510423064232,0.5821235963732004,-0.33105354376994073
1733902683363178800,21.7721787109375,-0.20826807190477847,0.6520414744690061,-0.2892360623304732
1733902683373204700,21.782204833984373,-0.2611170340389013,0.6987208080574869,-0.21413321934482082
1733902683383231700,21.792231689453125,-0.1925473556816578,0.6581704787433147,-0.09265537774581462
1733902683393258800,21.8022587890625,0.019569208344817162,0.5772372856363653,0.03343761123213917
1733902683403285800,21.81228564453125,0.23689503145217894,0.46635786707699295,0.07437586215166375
1733902683413312800,21.822312744140625,0.37023499588370323,0.3387883027404546,0.042340117074083534
1733902683423339800,21.83233984375,0.21592530865967272,0.21729893510043619,-0.02590288661206141
1733902683433365800,21.84236572265625,-0.133586632668972,0.08491115682721137,-0.037575350357685236
1733902683443392800,21.852392822265625,-0.3404536056041717,0.020416765084862707,-0.04104094410901889
1733902683453419800,21.862419677734376,-0.4671703525036573,-0.05251403109133243,0.0012949717139825224
1733902683463446800,21.87244677734375,-0.5249228687703609,-0.11311550704836845,0.06168521607313305
1733902683473473800,21.882473876953124,-0.4938023388415575,-0.1514879078015685,0.12397855410724877
1733902683483499800,21.892499755859376,-0.31359073311984537,-0.12860621390789748,0.14805128441639243
1733902683493526800,21.90252685546875,-0.15785247439742087,-0.08421966743171215,0.1850567441979423
1733902683503553800,21.9125537109375,-0.12315876215696334,-0.016248831750452518,0.19384740542955695
1733902683513580800,21.922580810546876,-0.15020342094898223,0.08557400465011596,0.17495490903621538
1733902683523607800,21.93260791015625,-0.13177286124527454,0.18836422477811574,0.12469181694313883
1733902683533633800,21.9426337890625,-0.019957915401458737,0.2603130241796374,0.039206897082272915
1733902683543660500,21.95266064453125,0.16140110678970812,0.2694046776518226,-0.016921470315009353
1733902683553687800,21.962687744140624,0.31725743893384933,0.24001608608216046,-0.09089247799282893
1733902683563714800,21.97271484375,0.398264574059844,0.17370383126288652,-0.18459678026968612
1733902683573741600,21.982741455078123,0.3113923462927341,0.12009206806272267,-0.31285730427876113
1733902683583767600,21.992767578125,0.137176766115427,0.09184534000456332,-0.3827741229286417
1733902683593794800,22.002794921875,0.08424480187296866,0.05562164171785116,-0.3912267113123089
1733902683603821800,22.01282177734375,0.0329740488409996,0.033846740022301675,-0.37435138169396664
1733902683613848600,22.0228486328125,0.12578677257299423,-0.0026093057155609127,-0.34188612262532114
1733902683623875800,22.032875732421875,0.21572774026095867,-0.011300561693310738,-0.2796166221245192
1733902683633901800,22.04290185546875,0.12548749736547468,-0.009308218832314015,-0.23052893048636613
1733902683643928800,22.0529287109375,0.04957154789865017,0.010551789152622223,-0.20566355196218936
1733902683653955600,22.06295556640625,-0.03767009770274162,0.08132891442626715,-0.17801844305898992
1733902683663982800,22.07298291015625,-0.21088205379545688,0.13757102613002062,-0.14305917521752418
1733902683674009900,22.083009765625,-0.3002700637757778,0.18512246637791394,-0.03135674983747303
1733902683684036600,22.09303662109375,-0.06526303802728653,0.2577750301346183,0.06674728523567318
1733902683694062600,22.1030625,0.11725275298357009,0.31915508924871683,0.0850044976664707
1733902683704089600,22.113089599609374,0.06040741468966007,0.3613891338661313,0.0917917831864208
1733902683714116900,22.123116943359374,0.06807108118534087,0.3672694240763783,0.0588718026202172
1733902683724143600,22.1331435546875,0.04843465282320976,0.39103403828442096,-0.04016454486697912
1733902683734170600,22.143170654296874,-0.026249709022045133,0.3574000642299652,-0.11670556742958724
1733902683744196600,22.153196533203126,-0.039925183153152466,0.2932140077844262,-0.13563961967602373
1733902683754223900,22.163223876953126,-0.06923544878959656,0.25349954477250575,-0.08729797889851033
1733902683764251000,22.1732509765625,-0.21957155620753763,0.17131781290918588,-0.03653221624661237
1733902683774277600,22.183277587890625,-0.34701018764078617,0.07745996403843164,0.07722666673921048
1733902683784305000,22.193304931640625,-0.4046604125767946,-0.010405074158310889,0.18657905839439481
1733902683794331000,22.203330810546873,-0.216950560054183,-0.046478842580318445,0.24523502630684524
1733902683804358000,22.21335791015625,0.11103344007730484,-0.06859422827661037,0.24032986473906784
1733902683814384600,22.223384521484373,0.1779939296722412,-0.04849412792548537,0.1368626951975748
1733902683824412000,22.233411865234373,-0.0565150834262371,-0.01655541348159313,-0.006633483197726309
1733902683834439000,22.24343896484375,-0.4402443516552448,-0.06454539127722382,-0.04910579355042428
1733902683844465000,22.25346484375,-0.6723217536926269,-0.10493030089661479,0.03722706664297729
1733902683854491600,22.26349169921875,-0.7088134552657603,-0.13345613815709947,0.1723542432848364
1733902683864518700,22.2735185546875,-0.6984346845924854,-0.09521174769774078,0.2860467830361798
1733902683874546000,22.2835458984375,-0.6152554661244154,-0.010028788191825152,0.40539482779856767
1733902683884572700,22.29357275390625,-0.45398879936933517,0.0713319826774299,0.5167761314654723
1733902683894598700,22.3035986328125,-0.22444705328941345,0.14128157108575104,0.6137465228661895
1733902683904625700,22.313625732421876,0.013529343658685683,0.1779094662591815,0.6836603093087673
1733902683914653000,22.32365283203125,0.24402386041879653,0.17384762364774942,0.6807685333900153
1733902683924679700,22.3336796875,0.3600970482289791,0.11679302651733159,0.5557134360924363
1733902683934706700,22.343706787109376,0.1761772356390953,0.02923895396590233,0.4397051302120089
1733902683944732700,22.353732666015624,-0.18810849645137787,-0.04318126233965158,0.2821629821390845
1733902683954760000,22.363760009765624,-0.5409516280293465,-0.06629939533770084,0.20994166767280548
1733902683964786700,22.37378662109375,-0.7055892325222491,-0.07296820557713508,0.18013163582067934
1733902683974813700,22.383813720703124,-0.6179331609010696,-0.027690555480122565,0.09825562717197463
1733902683984841000,22.393841064453124,-0.4056546843111515,0.022825579792261123,-0.030958635631669312
1733902683994867000,22.403866943359375,-0.002601122409105301,0.056231882570683955,-0.23210374205503612
1733902684004893700,22.413893798828123,0.32953473670482636,0.026764672806859013,-0.39691505914703007
1733902684014920700,22.423920654296875,0.3668587974488735,-0.026706805139780042,-0.5456206427536905
1733902684024947700,22.43394775390625,0.18300562035441398,-0.026669395738840102,-0.5424706908227875
1733902684034974700,22.443974609375,0.007919687083363533,0.0019464578926563262,-0.4644328172985464
1733902684045001700,22.454001708984375,-0.1735147384315729,0.041002164734899996,-0.3916720439270138
1733902684055027700,22.46402783203125,-0.29708792660832406,0.051667058873176575,-0.3690053444908932
1733902684065054700,22.4740546875,-0.2526543261200189,0.07515636327117681,-0.477088775656186
1733902684075081700,22.484081787109375,-0.04120236348211765,0.1046758877441287,-0.4969194479487836
1733902684085108700,22.494108642578126,0.1997749688476324,0.11884206800162792,-0.5529800656057894
1733902684095135700,22.5041357421875,0.4032546374320984,0.17906565055698156,-0.6697222387187183
1733902684105161700,22.51416162109375,0.45229017875790595,0.2338137243106961,-0.7426211053866892
1733902684115188700,22.524188720703126,0.27517069383263587,0.2493514851823449,-0.7372944304712117
1733902684125215700,22.5342158203125,0.035571664118766784,0.2563502580285072,-0.7229960752014071
1733902684135242800,22.54424267578125,-0.10790975509881973,0.25361294201910495,-0.6960116221640259
1733902684145269800,22.554269775390626,-0.1645358976840973,0.25875644238740203,-0.624179873270914
1733902684155295700,22.564295654296874,-0.15646365038752555,0.2447290860787034,-0.5667049318365752
1733902684165322800,22.57432275390625,-0.08014145820736884,0.23432956487834453,-0.515355122219026
1733902684175349800,22.584349853515626,-0.006250292566418647,0.21320465152412651,-0.49009241494033484
1733902684185376800,22.594376708984374,0.026566519886255264,0.2015308726042509,-0.46434331238418813
1733902684195403800,22.60440380859375,0.058254620569944376,0.18736440008580685,-0.41373263069614763
1733902684205429800,22.6144296875,0.06091419516801834,0.17118892583251,-0.34493279684484
1733902684215456800,22.624456787109374,0.00013034838140010832,0.15241028334349394,-0.2877198856138624
1733902684225483800,22.63448388671875,-0.07606500254869461,0.1160626664161682,-0.242179913052544
1733902684235510800,22.6445107421875,-0.12949030326604843,0.09205752145051956,-0.21774852376515044
1733902684245537800,22.654537841796873,-0.1046867013990879,0.08515081080198288,-0.1914182603201829
1733902684255563800,22.664563720703125,0.020901333731412886,0.08837152641415595,-0.1355407076125033
1733902684265590000,22.674590087890625,0.0540098226070404,0.11008768365979194,-0.10894815823584794
1733902684275616800,22.68461669921875,-0.025722470277547836,0.12399725880771875,-0.05475115162678994
1733902684285643800,22.694643798828125,-0.17620529268980026,0.13174655776023864,-0.011198934799607378
1733902684295671000,22.704671142578125,-0.3554243802428245,0.14018676158636809,0.016428493458073352
1733902684305697800,22.71469775390625,-0.4747931024670601,0.10674071131944655,0.06948198916288092
1733902684315723800,22.724723876953124,-0.5173603245615959,0.07017477546632289,0.12285999840609728
1733902684325750800,22.734750732421876,-0.44207215160429475,0.051022623489797116,0.17964326778184622
1733902684335777800,22.74477783203125,-0.27220015358924865,0.05621814630627632,0.2537023008029908
1733902684345805000,22.75480517578125,-0.19967618464827536,0.08236497947573661,0.29074935297025367
1733902684355831800,22.764831787109376,-0.18132804253101348,0.11706132206469773,0.29948495954638343
1733902684365857800,22.77485791015625,-0.0788625243127346,0.11614537626355886,0.3104286888923496
1733902684375884800,22.784884765625,0.027658406776189803,0.07805237697362899,0.345102965779975
1733902684385912000,22.794912109375,0.08115092751085758,0.01921498807966709,0.34976843684036285
1733902684395938800,22.804938720703124,0.20035189195275305,-0.00862257465571165,0.2577424978381954
1733902684405965800,22.8149658203125,0.2946680059850216,0.015794950503110885,0.1298715576685965
1733902684415991800,22.82499169921875,0.3026969986617565,0.07149637945890426,-0.029003476126038003
1733902684426019000,22.83501904296875,0.28428105200529097,0.16256927378624678,-0.13548985420810059
1733902684436045800,22.8450458984375,0.19945055919885635,0.2254687975525856,-0.18366446785563603
1733902684446072800,22.85507275390625,0.10138064559102059,0.24161183084100482,-0.1886459095300175
1733902684456100000,22.86510009765625,-0.03303016294240951,0.1986854200452566,-0.14788840373856946
1733902684466126000,22.8751259765625,-0.17366203794777393,0.1363996442630887,-0.07610167216411791
1733902684476152800,22.88515283203125,-0.21722353177666662,0.09960165321975946,-0.03859470173437148
1733902684486179800,22.895179931640627,-0.1545931803405285,0.06774404118806124,-0.07163955078925938
1733902684496206800,22.905206787109375,-0.1993126120328903,0.08847118739634752,-0.1013538306493312
1733902684506233900,22.91523388671875,-0.22719196808338163,0.16725070960074662,-0.14695646578385493
1733902684516259800,22.925259765625,-0.22235446492433547,0.2381023614153266,-0.18020126699078828
1733902684526286800,22.935286865234374,-0.21063421651422976,0.28123949235230683,-0.147428348478768
1733902684536313900,22.94531396484375,-0.11727379577159881,0.2755699222832918,-0.09810581603827885
1733902684546340900,22.9553408203125,-0.03365209423303604,0.24023323596417903,-0.0322118322968483
1733902684556368000,22.965367919921874,0.00033668460845947266,0.17683190015554426,0.02630879139867611
1733902684566393900,22.975393798828126,-0.03757657420039177,0.1193199146464467,0.02471778674703091
1733902684576420900,22.9854208984375,-0.09529168106615543,0.060174190455675125,-0.010624096337007357
1733902684586448000,22.99544775390625,-0.11487433341443538,0.024347967053949832,-0.06135768288550898
1733902684596475000,23.005474853515626,-0.09039631024003028,-0.0014744564667344092,-0.11881934471316635
1733902684606502000,23.015501953125,-0.015885551396012304,-0.030169805075228213,-0.15547420095875858
1733902684616529000,23.02552880859375,-0.0241337397813797,-0.08994301351457834,-0.16835209497138856
1733902684626555000,23.035554931640625,-0.10361235016584396,-0.11092442674487829,-0.1612663562278263
1733902684636582000,23.045581787109374,-0.13541501713991164,-0.11803279744535684,-0.15489291220577434
1733902684646609000,23.05560888671875,-0.13977788852453232,-0.15806202549487353,-0.14093304990902542
1733902684656635600,23.0656357421875,-0.148924487054348,-0.18402327296435833,-0.16047916963919998
1733902684666663000,23.075662841796873,-0.1364098733961582,-0.1966135822072625,-0.1786784778703004
1733902684676689000,23.08568896484375,-0.07969722157120704,-0.22846885615140197,-0.22014035080512984
1733902684686716000,23.0957158203125,-0.09902852950692176,-0.24244915844798087,-0.2085371529034339
1733902684696742700,23.10574267578125,-0.08340718200504779,-0.20493366678506134,-0.15354842052794992
1733902684706770000,23.11577001953125,0.03262684283852577,-0.11445873835086821,-0.06836454770658165
1733902684716797000,23.125796875,0.13123977728188038,0.00808189190775156,0.0201466794392094
1733902684726823000,23.135822998046876,0.1897229459106922,0.13980302296578884,0.04114307104293257
1733902684736849700,23.145849609375,0.15678338386118412,0.2428010406255722,0.03909096081871539
1733902684746877000,23.155876953125,0.12224223183393478,0.23402590575665233,0.055566148670949035
1733902684756904000,23.165904052734376,0.15120762955546377,0.20505933899134396,0.05885850474722683
1733902684766931000,23.175930908203124,0.15937398487627505,0.14913126167282462,-0.002525719085335731
1733902684776956700,23.185956787109376,-0.00547463201880455,0.08078209419846534,-0.09732713241651654
1733902684786984000,23.19598388671875,-0.13687982899546622,0.04014584016650915,-0.1930666303154081
1733902684797011000,23.206010986328124,-0.14906711039543152,0.059480801364034414,-0.264592345466651
1733902684807038000,23.216037841796876,-0.10554361048936843,0.11172507560327649,-0.28504852924644947
1733902684817064700,23.226064697265624,-0.0000023380875587463378,0.22222207071632147,-0.28199663086254145
1733902684827091000,23.236091064453124,0.05022738145887851,0.3252705033890903,-0.30594916885811835
1733902684837118000,23.246117919921875,0.014346505260467528,0.38650647785738107,-0.28367925018724055
1733902684847145000,23.25614501953125,0.0001999064862728119,0.37953810014948247,-0.22071111816409975
1733902684857171700,23.266171630859375,0.00037760114073753353,0.3330671486146748,-0.22728523585740476
1733902684867199000,23.276198974609375,-0.20910686081647872,0.31250059979557987,-0.2619104129062965
1733902684877225000,23.286224853515623,-0.44120881277322765,0.3060501084819436,-0.26140615317858756
1733902684887252000,23.296251953125,-0.5576373898923397,0.3115878688648343,-0.2202229327883571
1733902684897278700,23.30627880859375,-0.5880716911226511,0.33390257652550936,-0.1244876726731658
1733902684907306000,23.316305908203127,-0.49019174712896346,0.35390681528672574,-0.0037896015413105485
1733902684917333000,23.3263330078125,-0.2230026996999979,0.35129239500463005,0.12388663804009556
1733902684927359700,23.33635986328125,-0.005711947906017303,0.25537951330021025,0.18698847944550215
1733902684937385700,23.3463857421875,0.06029343292117118,0.11952274374216794,0.20031221752949058
1733902684947413000,23.3564130859375,0.05616320124864578,-0.004238660483062267,0.13367138834297657
1733902684957440000,23.36643994140625,-0.162561382740736,-0.08638254455402493,0.0008329436928033829
1733902684967466800,23.376466796875,-0.421909069019556,-0.09273162131980062,-0.06118161393254995
1733902684977493800,23.38649365234375,-0.6037678574264049,-0.023133038306236267,-0.017691431774199008
1733902684987520000,23.39652001953125,-0.58117316378057,0.0923278628244996,0.08500840665660798
1733902684997547000,23.406547119140626,-0.4834545478284359,0.177100049572438,0.2121904329802841
1733902685007573800,23.41657373046875,-0.4058452384471893,0.13819310355111955,0.30120588332116605
1733902685017600800,23.426600830078126,-0.18377952733635902,0.02351239301264286,0.23854594046436248
1733902685027628000,23.4366279296875,0.14252397236227987,-0.10894903501868247,0.06404525973536074
1733902685037654000,23.446654052734374,0.3071393650233745,-0.25369930512830613,-0.12614004299007356
1733902685047680800,23.4566806640625,0.2373673251390457,-0.31218364280089733,-0.2563618023358285
1733902685057707800,23.466707763671874,0.031102994272112845,-0.2580249132424593,-0.3135905139241367
1733902685067735000,23.476735107421874,-0.19521043741106986,-0.11013429928049444,-0.24843963103443384
1733902685077761800,23.48676171875,-0.31543373063802715,0.1135492222905159,-0.0932453429955989
1733902685087787800,23.496787841796873,-0.2651081495016813,0.3069042410932481,0.04117394110523164
1733902685097814800,23.506814697265625,-0.21465105094015596,0.374724416257441,0.137449518642202
1733902685107842000,23.516842041015625,-0.19041034365296364,0.33238924935311076,0.17344897971898315
1733902685117868800,23.526868896484373,-0.10040098690390586,0.18859189605414867,0.1551522755280137
1733902685127895800,23.536895751953125,0.043641573327779765,0.04280351506844163,0.10039097696654498
1733902685137921800,23.546921875,0.13579495636820793,-0.07657324433177709,0.09616057285517454
1733902685147949000,23.556948974609377,0.14232406587600707,-0.12368863124996422,0.15093889561668036
1733902685157975800,23.566975830078125,0.063770169121027,-0.012075637719035148,0.20442535193674266
1733902685168002800,23.5770029296875,-0.03714753513336182,0.15286884076595306,0.28437136063724755
1733902685178029800,23.58702978515625,-0.05767477485537529,0.3202870158880949,0.30102906544953584
1733902685188056000,23.59705615234375,0.011143325304985045,0.41745033604502674,0.21030783410407602
1733902685198082800,23.607082763671876,0.07310381465554237,0.3707670569337904,0.08667633986882865
1733902685208109800,23.61710986328125,0.11764321360588073,0.25211554306820033,-0.02084039732441306
1733902685218136800,23.62713671875,0.12195698515176773,0.148188720125705,-0.15286423765607177
1733902685228163800,23.637163818359376,0.05608955149054527,0.11260317361205816,-0.1825878333337605
1733902685238189800,23.64718994140625,-0.0240682733297348,0.1495747676566243,-0.1368236418288201
1733902685248216800,23.657216796875,-0.027811551511287686,0.2675254397764802,-0.12986644310206175
1733902685258243800,23.667243896484376,-0.006961655706167221,0.4446963626280427,-0.1073755751568824
1733902685268271000,23.67727099609375,0.017663082462549207,0.5756522084020078,-0.1882160484790802
1733902685278298000,23.687298095703124,-0.051664720785617825,0.629291151870042,-0.28534298214837905
1733902685288325000,23.6973251953125,-0.1076888058245182,0.5517309423275292,-0.33329533134736117
1733902685298351000,23.70735107421875,-0.08379413549602031,0.41379605132117864,-0.33263401789441704
1733902685308378000,23.717378173828124,-0.016183657559752464,0.24350422045886516,-0.3072012878110632
1733902685318405000,23.727405029296875,0.0281768776923418,0.11710589185878634,-0.2449133931370452
1733902685328432000,23.73743212890625,0.031997897285223,0.05964768236353993,-0.14438487086333335
1733902685338459100,23.747459228515623,0.015180033475160597,0.06614142829701304,-0.08637037919219583
1733902685348485000,23.757485107421875,0.007115969485044479,0.08420870764628052,-0.08266838286910205
1733902685358512000,23.76751220703125,-0.05720949543118477,0.17916677284389734,-0.1466477012287825
1733902685368539100,23.7775390625,-0.2105319251835346,0.23659780207127332,-0.23851463201064615
1733902685378566100,23.787566162109375,-0.3659779229611158,0.21080913468971849,-0.2692815261961892
1733902685388593200,23.79759326171875,-0.38141631511151786,0.17692147813513873,-0.3291106660738587
1733902685398619100,23.807619140625,-0.2774959219098091,0.10249036039859055,-0.366648259970732
1733902685408646100,23.817646240234374,-0.17504677030444143,0.06327230260148645,-0.32246384847052395
1733902685418673200,23.827673095703126,-0.06396189230084419,0.002470189505815506,-0.1735573719969019
1733902685428700200,23.8377001953125,0.0192103119045496,-0.06289221724271774,-0.009867533215507865
1733902685438727200,23.84772705078125,0.1339525433719158,-0.08768018314912915,0.1278572221715003
1733902685448753200,23.857753173828126,0.2695084302872419,-0.08778262061029672,0.1398399209100753
1733902685458780200,23.8677802734375,0.36162908010184763,-0.02785363708734512,0.021594101768545804
1733902685468807200,23.87780712890625,0.32177813122868537,-0.016167437077313662,-0.07716635138671844
1733902685478834200,23.887834228515626,0.19658172576427457,-0.09682824298366903,-0.0832027089415118
1733902685488861200,23.897861083984374,0.14496610481739045,-0.13679331975579262,-0.15108634126335382
1733902685498887200,23.90788720703125,0.10751695638895034,-0.20730916374474762,-0.18224490164760498
1733902685508914200,23.9179140625,0.05450315908193588,-0.3362286813855171,-0.17423004709407686
1733902685518941200,23.927941162109374,-0.013057049971818923,-0.46004707649499177,-0.17838775129541753
1733902685528968200,23.93796826171875,-0.06640110214650631,-0.569541178175807,-0.1522304697971791
1733902685538995000,23.947994873046873,-0.12720599172115324,-0.6416634344480932,-0.16517299001123756
1733902685549021200,23.958021240234373,-0.1944721862643957,-0.6600446020521223,-0.15328275532908736
1733902685559048200,23.968048095703125,-0.26254502101540567,-0.6680867464713752,-0.10239515639580786
1733902685569075200,23.9780751953125,-0.26315058569312094,-0.6682141722433269,-0.040454394659027455
1733902685579102000,23.98810205078125,-0.2359118656337261,-0.6372916491046547,0.02786448727492243
1733902685589129200,23.998129150390625,-0.17325462619066237,-0.5864017120838165,0.041286169308051464
1733902685599156200,24.00815625,-0.1518266382366419,-0.4599750341720879,0.04267517598103732
1733902685609182200,24.01818212890625,-0.1954009915471077,-0.310086085999757,0.03238817524444312
1733902685619209000,24.028208984375,-0.25507249317765235,-0.11520210406407713,0.03137899820189923
1733902685629236200,24.038236328125,-0.30605741500556466,0.03944134515896439,0.0015319953402504324
1733902685639263200,24.04826318359375,-0.33193361454010006,0.15229337896555661,-0.004862381871975958
1733902685649290000,24.0582900390625,-0.35944822893142697,0.17805647351443765,0.04792553425729274
1733902685659316000,24.06831591796875,-0.366706821757555,0.13550766385942697,0.09816723650246859
1733902685669343200,24.07834326171875,-0.3295195391356945,0.054847150214016434,0.10900628163125366
1733902685679370200,24.088370361328124,-0.2991056961715221,-0.06578004763871431,0.11563081433754413
1733902685689397000,24.09839697265625,-0.30759646114110945,-0.19296952661648392,0.155774827873148
1733902685699424000,24.108424072265624,-0.3292155877530575,-0.25411723827943206,0.13448303351942448
1733902685709450200,24.1184501953125,-0.3204302237510681,-0.2698215878896415,0.11029427561517804
1733902685719477200,24.128477294921876,-0.29765023666620255,-0.2515023796059191,0.11616481161639093
1733902685729504000,24.13850390625,-0.23648235899806022,-0.19270970663651824,0.13860632399450987
1733902685739531000,24.148531005859375,-0.1592144104003906,-0.12424363478422164,0.1290803342256695
1733902685749558300,24.158558349609375,-0.0641004239886999,-0.0605304565474391,0.13760054448544978
1733902685759584300,24.168584228515623,0.06535480796396732,0.0414727048560977,0.10840546619389206
1733902685769611000,24.178611083984375,0.18268530235886574,0.17890242281928656,0.03226882318109274
1733902685779638000,24.188637939453123,0.22917583537697792,0.2811056368395686,-0.03331117184087634
1733902685789665300,24.198665283203123,0.2372580195456743,0.37924437789991494,-0.04115567479617893
1733902685799692000,24.208692138671875,0.2292635136604309,0.4488644420929253,-0.037663631429336965
1733902685809718000,24.218718017578126,0.18863222806453703,0.4592204164125025,-0.02114471403323114
1733902685819745000,24.2287451171875,0.11707622737288474,0.4204977409169078,0.003656732409261167
1733902685829772300,24.238772216796875,0.08314356263279915,0.33496099953725933,0.020016623318754135
1733902685839799000,24.248799072265626,0.07768237461745739,0.236453863555938,-0.01772182691246271
1733902685849826000,24.258825927734375,0.028361586609482764,0.15676526368260382,-0.054847552072815595
1733902685859852000,24.26885205078125,-0.04701075749993324,0.09083893944099546,-0.05449000733941793
1733902685869879000,24.278879150390626,-0.16193711336255073,0.0040457682594656945,-0.033830519539862866
1733902685879906300,24.28890625,-0.22962007201313972,-0.03645604573786258,0.009358560780063271
1733902685889933000,24.29893310546875,-0.30502924100160594,-0.05627236071154475,0.036251645739562806
1733902685899960000,24.3089599609375,-0.3056862436056137,-0.050802550998330115,0.046300928730145095
1733902685909986000,24.318986083984374,-0.21308687036335466,0.0106029348179698,0.04427592570856213
1733902685920013300,24.329013427734374,-0.09981412692666053,0.09439151735603808,0.031280104404687877
1733902685930040000,24.3390400390625,-0.06913257293701172,0.15156857182234526,-0.017259689293429255
1733902685940067000,24.349067138671874,-0.05951543428599834,0.19890695384144783,-0.08625168471597135
1733902685950094300,24.35909423828125,-0.08381751637160778,0.18404986871033907,-0.13708452125471085
1733902685960120300,24.369120361328125,-0.11256138029694557,0.16802403206080196,-0.1696876909567043
1733902685970147000,24.37914697265625,-0.1885989103168249,0.15122545747309923,-0.21139780303156003
1733902685980174000,24.389174072265625,-0.30556232496500013,0.09108370798230171,-0.21035549090439454
1733902685990201300,24.399201416015625,-0.38115620287060736,0.04097483833655715,-0.1709342386853881
1733902686000228000,24.40922802734375,-0.3261100229531526,-0.02080474148914218,-0.12691626979326828
1733902686010255000,24.419255126953125,-0.21322657109498977,-0.028223785573989153,-0.08545350180929526
1733902686020281000,24.429281005859377,-0.08952186549305916,-0.01129807747527957,-0.07133410156928002
1733902686030308000,24.43930810546875,-0.02644552385509014,0.023698563234508037,-0.09502517561707645
1733902686040335000,24.449335205078125,-0.009064765465259552,0.03320581177026033,-0.11895427793813869
1733902686050362000,24.459362060546876,-0.08412789749503136,0.031548399952054024,-0.1339475932021625
1733902686060389000,24.46938916015625,-0.10056816016435623,0.02603095170482993,-0.1392239992351271
1733902686070415000,24.4794150390625,-0.03826747907400131,-0.0015156652599573135,-0.13389447477543726
1733902686080442000,24.489442138671876,0.05350830282568931,-0.010986819569021462,-0.12384226917540654
1733902686090469000,24.49946923828125,0.15370236898064613,0.011746405764669178,-0.13211555546941234
1733902686100496100,24.50949609375,0.27335399979948993,0.0556307018071413,-0.1504469108486548
1733902686110523100,24.519523193359376,0.38265024082064625,0.1428022047817707,-0.19017162125995382
1733902686120549000,24.529549072265624,0.43471243649125096,0.21551994272917507,-0.19737810030635444
1733902686130576100,24.539576171875,0.4487240107089281,0.30685528738498685,-0.146406311954651
1733902686140603100,24.54960302734375,0.41671851463913917,0.37214024498313664,-0.13418198647992685
1733902686150630100,24.559630126953124,0.32922610914707184,0.39612493168264623,-0.11615754162538797
1733902686160657200,24.5696572265625,0.22167641953229902,0.25980887404978276,-0.16305502974288538
1733902686170683100,24.57968310546875,0.2041407628417015,0.15525047520548105,-0.18363445630986241
1733902686180710100,24.589710205078124,0.17531331228613853,0.2597438459895551,-0.12728208916466682
1733902686190737000,24.59973681640625,0.15798282277882097,0.3646813072793185,-0.06261387522537261
1733902686200764200,24.60976416015625,0.12455576947331427,0.31571970797255633,-0.12799666717480868
1733902686210791200,24.619791259765623,-0.016779285365343094,0.24435499206930397,-0.22226788261942565
1733902686220817200,24.629817138671875,-0.11850129173994063,0.20713307652547955,-0.2758826414942741
1733902686230844000,24.639843994140627,-0.1616337465018034,0.23060484526678918,-0.31736484483107924
1733902686240871200,24.64987109375,-0.22917934250831604,0.26975772887319327,-0.3694462201261893
1733902686250898200,24.659898193359375,-0.392874697715044,0.3189383777581155,-0.3979974840888753
1733902686260925000,24.669925048828127,-0.5911176346898078,0.2879324141196906,-0.37386012757830317
1733902686270951000,24.679950927734374,-0.6488976234853268,0.22925430744066833,-0.2668461888080463
1733902686280978200,24.689978271484375,-0.5887263556391,0.13683467467948793,-0.13171524930652231
1733902686291005200,24.700005126953126,-0.3360714449971914,0.06218889127895236,0.003466945458203554
1733902686301032200,24.7100322265625,-0.05758826561570167,0.013899492145329713,0.09601959348190575
1733902686311059200,24.72005908203125,0.05572597887516021,-0.01402531048208475,0.1213512378109619
1733902686321086200,24.730086181640626,-0.005370587122440338,-0.01968479754850268,0.022983364169858394
1733902686331112200,24.7401123046875,-0.20431728845238684,-0.05274827823862433,-0.045968445372767744
1733902686341139200,24.75013916015625,-0.5018588040471077,-0.07737009379789232,-0.044861580109409986
1733902686351166000,24.760166015625,-0.7338216397941112,-0.06820376765429974,0.041053310400247574
1733902686361193200,24.770193115234374,-0.6862567555427551,-0.032191227900236846,0.19366938198152928
1733902686371220200,24.78022021484375,-0.3145809132009744,-0.013181553134322165,0.31867238376569
1733902686381246200,24.79024609375,0.010909516549110413,0.021008008976280686,0.35654034212809055
1733902686391273000,24.80027294921875,0.3208440652489662,-0.023075609030574557,0.2991248392634094
1733902686401300200,24.81030029296875,0.46575756309628485,-0.10044760252460837,0.14537450295519083
1733902686411327200,24.8203271484375,0.41429041070938105,-0.2191479239679873,-0.02114971900191158
1733902686421354000,24.83035400390625,0.15970891591906547,-0.35222076189592477,-0.1075598456826061
1733902686431380000,24.8403798828125,-0.10691606788635254,-0.45775180516466496,-0.1411906779319048
1733902686441407200,24.8504072265625,-0.44833881078362464,-0.4958614633284509,-0.17231069640405475
1733902686451434200,24.860434326171877,-0.7451496740162372,-0.4711072535611689,-0.11824757270719856
1733902686461461000,24.8704609375,-0.9237737182855605,-0.3976372359417379,0.05466605802606791
1733902686471488300,24.88048828125,-0.8279290795117616,-0.31989465556964275,0.25382179899681356
1733902686481514200,24.89051416015625,-0.6056751523524523,-0.2405631985709071,0.48963886248655614
1733902686491541200,24.900541259765625,-0.35542847189605237,-0.19170885903090237,0.7695071395508944
1733902686501568000,24.910568115234376,-0.14442016137242317,-0.1798530015423894,0.9881481369100511
1733902686511595000,24.920594970703124,0.05808394017815589,-0.16664076100885866,1.0333774908859281
1733902686521622300,24.930622314453124,0.2876537433087826,-0.1638394398525357,0.8380807634308933
1733902686531648300,24.940648193359376,0.5426993484795093,-0.20792437303364275,0.48499710109531874
1733902686541675000,24.950675048828124,0.608786562371254,-0.20222645365297792,0.03952606430035084
1733902686551702000,24.960701904296876,0.3820341547489166,-0.15255232216268777,-0.3514438592392951
1733902686561729300,24.970729248046876,-0.015393968486785889,-0.020193477723002434,-0.5937172227289528
1733902686571756000,24.980756103515624,-0.3824000654518604,0.19762188246697185,-0.6391597079988569
1733902686581782000,24.990781982421876,-0.49622985824942584,0.42975452182292934,-0.5142283101461828
1733902686591809000,25.00080908203125,-0.382300112208724,0.5884796874016524,-0.34854799166731537
1733902686601836300,25.010836181640624,-0.2691395969748497,0.6637392187863588,-0.22315253823315723
1733902686611863000,25.020863037109375,-0.12356442034840583,0.6858040433391929,-0.16978298629103228
1733902686621890000,25.03089013671875,0.02157002677321434,0.6361904098644853,-0.17624756092894822
1733902686631916000,25.040916015625,-0.014873744004964828,0.5390387801453471,-0.12836785684106872
1733902686641943300,25.050943359375,-0.14540215814709662,0.44409518186450003,0.01573282678602263
1733902686651970000,25.060969970703123,-0.29280455020070073,0.3911673092752695,0.1137001568022184
1733902686661997000,25.0709970703125,-0.40330198370516296,0.4009109969154,0.2007541343444027
1733902686672024000,25.081024169921875,-0.4130734361350536,0.4283461163297295,0.31778486034143716
1733902686682050300,25.09105029296875,-0.27321137645840643,0.43773178431242704,0.38177857255265113
1733902686692077000,25.1010771484375,-0.018055881172418593,0.41422202164828775,0.40827878573704507
1733902686702104000,25.11110400390625,0.2531500006824732,0.3421396589949727,0.3358521031580865
1733902686712131000,25.121131103515626,0.3710626788794994,0.24639497346431016,0.15614453796837477
1733902686722158000,25.131157958984375,0.32471126207113266,0.18627017510831356,-0.03492707803833764
1733902686732185000,25.14118505859375,0.19185528176426886,0.14023615368604658,-0.20253727316781878
1733902686742211000,25.151211181640626,-0.022320552879571912,0.13894523709267376,-0.29988979575391855
1733902686752238000,25.161238037109374,-0.21947160296440124,0.11800970883071422,-0.35329186172615734
1733902686762265000,25.17126513671875,-0.32608021233677864,0.1380994339182973,-0.33149869372155516
1733902686772292000,25.1812919921875,-0.3258212691396475,0.18318097692131996,-0.35007439751699565
1733902686782319000,25.191319091796874,-0.2062450416445732,0.24492080925852058,-0.3299936229208484
1733902686792345000,25.201344970703126,-0.015418518406152725,0.25669658724814653,-0.3961868544703349
1733902686802372000,25.2113720703125,0.14702537543475627,0.20146628293544053,-0.5003308638274669
1733902686812399000,25.221399169921874,0.2095873378098011,0.13654840508401392,-0.5795296708898618
1733902686822426000,25.231426025390626,0.21666940502524373,0.07468757671564817,-0.6188068749956787
1733902686832453000,25.241453125,0.17961130174100398,0.01187514671087265,-0.6126965023566037
1733902686842479000,25.25147900390625,0.10432312878370284,-0.008122516179084778,-0.5781133378185331
1733902686852506000,25.261506103515625,0.08755202672481537,-0.022443302476406097,-0.5257548260824755
1733902686862533000,25.271533203125,0.12156886261701583,-0.016608020451664925,-0.45857335068061944
1733902686872560000,25.28156005859375,0.14163549908995626,-0.026406068627536295,-0.40000458612758666
1733902686882587100,25.291587158203125,0.15775895089507103,-0.03849982652515173,-0.34361645354926584
1733902686892613000,25.301613037109377,0.15385434467196463,-0.023939970774948596,-0.3293658098787069
1733902686902640000,25.31164013671875,0.09151040896177291,0.027917057712376115,-0.3349534007526934
1733902686912667100,25.321667236328125,-0.010888473761081695,0.10186287615001201,-0.3436122888308018
1733902686922694100,25.331694091796876,-0.11406827772855758,0.15251520502269267,-0.3553764129152521
1733902686932721200,25.34172119140625,-0.2571919695496559,0.18242548237890005,-0.3389431279759854
1733902686942747100,25.3517470703125,-0.36835984966158863,0.19929712220281362,-0.29291497003892436
1733902686952774100,25.361774169921876,-0.41185236990749835,0.19292378777861593,-0.2509365624167025
1733902686962801200,25.37180126953125,-0.44448447344303127,0.17079378903508186,-0.20978731736131012
1733902686972828200,25.381828125,-0.4369640148103237,0.1451090204194188,-0.18082310694986953
1733902686982855200,25.391855224609376,-0.3668161273509264,0.08557312786728143,-0.1410193034203723
1733902686992881200,25.401881103515624,-0.2661246330678463,0.030015783557295797,-0.11479617187799886
1733902687002908200,25.411908203125,-0.0963993500471115,-0.004070025917887687,-0.09310766069111413
1733902687012935200,25.42193505859375,0.05615618698596954,0.00419277551472187,-0.10399270951924845
1733902687022962200,25.431962158203124,0.10884089846909045,0.0305342544734478,-0.10198354338761419
1733902687032989000,25.441989013671876,0.061925418037176126,0.06752718356698752,-0.09247678804220631
1733902687043015200,25.45201513671875,-0.024224925196170807,0.07338760003298521,-0.0772166568018496
1733902687053042200,25.462042236328124,-0.08146013959050179,0.07066168220043181,-0.04506960597005673
1733902687063069200,25.472069091796875,-0.11497662474513053,0.0596738397181034,-0.043409116278775035
1733902687073096000,25.482095947265623,-0.14718436538875102,0.047802200138568875,0.004871204499248415
1733902687083123200,25.492123291015623,-0.0993663831591606,0.08367752337902784,0.04243062206886243
1733902687093149200,25.502149169921875,0.014314941078424452,0.10803893443644046,0.0594624985223636
1733902687103176200,25.51217626953125,0.17093758141994475,0.12800327957868576,0.07538857372500933
1733902687113203000,25.522202880859375,0.31135142976045604,0.11868921552747487,0.06409294393514282
1733902687123230200,25.532230224609375,0.36239947995245453,0.09827274270355701,0.0059360937844030555
1733902687133257200,25.54225732421875,0.3312789500236511,0.07642623707652091,-0.030686020102212205
1733902687143284000,25.552283935546875,0.19917524938881395,0.06751578539013862,-0.038602912440290675
1733902687153310000,25.56231005859375,0.008368015372753142,0.06766629977673291,0.003296621259441599
1733902687163337200,25.572337158203126,-0.16726619943082333,0.06337853945493697,0.06883624317182693
1733902687173364200,25.5823642578125,-0.2623305014818907,0.020264789393544196,0.12263398936418815
1733902687183391000,25.592390869140626,-0.24558394934237002,0.020611118613183498,0.20641161211682482
1733902687193418000,25.60241796875,-0.15362638113498686,0.03329670492410659,0.25062029954176396
1733902687203444200,25.6124443359375,-0.03356909212470054,0.09523030626773833,0.2641500085266307
1733902687213471200,25.62247119140625,0.06714052233695983,0.1434638835608959,0.23934752090452238
1733902687223498000,25.632498046875,0.18312953899502754,0.19906185214221475,0.18927447149083018
1733902687233525000,25.64252490234375,0.26376082654595373,0.23897563711851832,0.09093032578518613
1733902687243552300,25.65255224609375,0.21801088276207445,0.25818682580590246,-0.04910878009195439
1733902687253578200,25.662578125,0.11335223841369152,0.2933645221710205,-0.19435641439761966
1733902687263605000,25.67260498046875,-0.020074819779396055,0.3206751384228468,-0.30669078100565816
1733902687273632000,25.682632080078125,-0.19147709610164165,0.3619274785265326,-0.3562929797708988
1733902687283659000,25.692658935546874,-0.299288651522994,0.3899129253000021,-0.3619930180434137
1733902687293686300,25.702686279296874,-0.28042320753335953,0.40982495573312044,-0.3446639533082023
1733902687303712300,25.712712158203125,-0.19257658177614212,0.39413200429975986,-0.26161712904814627
1733902687313739000,25.722739013671877,-0.10736498069763183,0.385353070038557,-0.239227474721428
1733902687323766000,25.73276611328125,-0.08745382704734801,0.3783627727597952,-0.24192842250950633
1733902687333793000,25.74279296875,-0.11476210521161556,0.34317835439294575,-0.2756937861249782
1733902687343820000,25.752820068359377,-0.20479308927059173,0.3202154119566083,-0.2665558823582716
1733902687353846000,25.762845947265625,-0.23970833530724048,0.28888854580074547,-0.24967246076501903
1733902687363873000,25.772873046875,-0.2094341930747032,0.181690738363564,-0.20475739690270273
1733902687373900000,25.782900146484376,-0.17277298015356063,0.02810848863124847,-0.12141222901688888
1733902687383927000,25.792927001953124,-0.12499416089057921,-0.16959259655177591,-0.011781002154015004
1733902687393954000,25.8029541015625,-0.08276713053584098,-0.34434564460664985,0.14100660833558068
1733902687403980000,25.81297998046875,0.04851531684398651,-0.45263387762904167,0.25709501198120416
1733902687414007000,25.823007080078124,0.16527005717754362,-0.4417661543950438,0.27213554565412923
1733902687424034000,25.833033935546876,0.20233575924634933,-0.3612283903464675,0.20434660587841644
1733902687434061000,25.84306103515625,0.1843716480106115,-0.2293047224536538,0.07296241972374264
1733902687444088000,25.853088134765624,0.07664251017570495,-0.077533906057477,-0.06309819727675058
1733902687454115000,25.863114990234376,-0.017248071920871733,0.026604221548140048,-0.15372235232274978
1733902687464141000,25.87314111328125,0.019391513690352438,0.08187135073989629,-0.20551446234770118
1733902687474168000,25.88316796875,0.04283142598867416,0.11230477518737315,-0.23913113820748402
1733902687484195000,25.893195068359375,-0.04566051193475723,0.0836658329412341,-0.16923346264949068
1733902687494221800,25.903221923828124,-0.16559680491387843,0.08047580472826957,-0.0976288827089127
1733902687504248000,25.913248046875,-0.28490999755859375,0.12014847442507744,-0.10338129048948176
1733902687514275000,25.923275146484375,-0.38373569796979423,0.15769377670437096,-0.12184608125635422
1733902687524302000,25.933302001953123,-0.47097617452740664,0.20341566343754527,-0.09519135336368344
1733902687534328800,25.943328857421875,-0.422407081669569,0.2591509946629405,-0.014866985470615327
1733902687544356000,25.953356201171875,-0.228190915992856,0.2856801051482558,0.04567656802041456
1733902687554383000,25.963383056640627,-0.06274842485785484,0.21058599345833062,0.1069431568226777
1733902687564409000,25.9734091796875,0.015115151545405388,0.10088292520195245,0.1493931000799406
1733902687574435800,25.983435791015626,0.023196751192212102,0.022018939584493635,0.11058581504081376
1733902687584463000,25.993463134765626,-0.06995207262635231,0.009922551338374615,0.033125293879956004
1733902687594490000,26.003489990234375,-0.21221768631339072,0.05764847137033939,-0.048191957507980984
1733902687604516900,26.013516845703126,-0.3921037133425474,0.13325228614807128,-0.0716537345782388
1733902687614542800,26.02354296875,-0.5069470670968294,0.1925894412577152,-0.05131670193239115
1733902687624570000,26.033570068359374,-0.45115620629191394,0.2152332347422838,-0.01250392786739394
1733902687634597000,26.04359716796875,-0.2354623683005571,0.15512743334770202,0.02666624480052851
1733902687644624000,26.053623779296874,-0.21075813515484332,0.05233253704458475,0.0728547443984542
1733902687654651000,26.06365087890625,-0.1853869625329971,-0.07251520111262798,0.12484750982834956
1733902687664677000,26.073677001953126,-0.12122983992099762,-0.08009265062958001,0.08752517525050789
1733902687674704100,26.0837041015625,-0.13829203388094902,-0.04023322618901729,0.07909938354222104
1733902687684731000,26.09373095703125,-0.18215514100492,0.028511516474187374,0.13337644225070253
1733902687694758000,26.1037578125,-0.13131167347431183,0.1072790559798479,0.1807654950111173
1733902687704785200,26.11378515625,-0.06954173825979232,0.1725628445342183,0.17624734173323958
1733902687714811100,26.12381103515625,-0.06325929698944091,0.13773527678102254,0.15917539356425403
1733902687724838100,26.133838134765625,0.04333879098892212,0.08052519682794809,0.08787985217338427
1733902687734865000,26.143864990234373,0.26420447866022584,0.043159635029733176,-0.05672311842003837
1733902687744892200,26.15389208984375,0.2996644990980625,0.003607376842200756,-0.21592090647919102
1733902687754919200,26.163919189453125,0.06285773045122624,-0.040778585112094874,-0.31038119648881257
1733902687764945200,26.173945068359377,-0.21484335864186285,-0.020521102242171765,-0.31895090844612567
1733902687774972000,26.183971923828125,-0.35350597940087314,0.08388707447648049,-0.304855254407879
1733902687784999200,26.193999267578125,-0.3142027275383472,0.20138386534899472,-0.237414561814256
1733902687795026200,26.204026123046877,-0.29349662411808963,0.2762161112323403,-0.11034081817064434
1733902687805053000,26.214052978515625,-0.2818301517218351,0.2689990194603801,0.007260930913686752
1733902687815079000,26.224078857421876,-0.2569488084435463,0.24473083964437245,0.059403644474595785
1733902687825106200,26.234106201171876,-0.2068289790123701,0.19090338786691427,0.03909930852195248
1733902687835133200,26.24413330078125,-0.15836334652900694,0.12588409546762705,0.012662004505936056
1733902687845160000,26.254159912109376,-0.11322715072929858,0.10994827518910169,-0.009193524677772074
1733902687855187000,26.26418701171875,-0.05270984592437744,0.15891016675680875,-0.06037972296513617
1733902687865213200,26.274213134765624,0.0014484452426433562,0.2071680017083883,-0.10093812598790973
1733902687875240200,26.284240234375,0.025226795715093613,0.24244652809947728,-0.1270220499889925
1733902687885267000,26.294266845703124,0.11854454635977744,0.256759131090343,-0.21472316632829605
1733902687895294000,26.3042939453125,0.1569534797310829,0.22950141406953334,-0.2803604079628363
1733902687905321200,26.3143212890625,0.11816986782848835,0.1667266857266426,-0.32408600631225853
1733902687915347200,26.32434716796875,0.028847908821702,0.11660802533924579,-0.29618160715205594
1733902687925374000,26.3343740234375,-0.08310732227563858,0.10323942520022392,-0.21576571591747923
1733902687935401000,26.34440087890625,-0.1155745906382799,0.13979688548594713,-0.15253162643453105
1733902687945428200,26.35442822265625,-0.07739654341340065,0.24659838708192108,-0.133740508056432
1733902687955455000,26.364455078125,-0.03305354381799697,0.3347814051866531,-0.1769760761328973
1733902687965481000,26.37448095703125,-0.11917173834741115,0.35626521498113867,-0.1910843521906994
1733902687975508000,26.384508056640627,-0.16374445504546165,0.3204834152430296,-0.19127161839110776
1733902687985535200,26.39453515625,-0.08311316749453544,0.24232699337303637,-0.17978941652057692
1733902687995562000,26.40456201171875,-0.003279167801141739,0.16943039172738789,-0.11999887335393578
1733902688005589000,26.414589111328127,0.013607085070014,0.14080693931132554,-0.00886600975645706
1733902688015616000,26.424615966796875,0.04681143553555012,0.137309160323441,0.1621233566496521
1733902688025642200,26.434642333984375,0.13262217155098915,0.20949322978556154,0.2242206606550142
1733902688035669000,26.4446689453125,0.18836568608283996,0.3213651665136218,0.114780280189123
1733902688045696000,26.454696044921874,0.02346563126146793,0.33400779046565293,-0.08159114555902779
1733902688055723000,26.464722900390626,-0.17691431774199007,0.23473931472301482,-0.24261366482730953
1733902688065750000,26.47475,-0.24124855048656463,0.06616378625929355,-0.39100320475474
1733902688075776000,26.48477587890625,-0.17366145342588424,-0.07448956992551684,-0.4602534857872873
1733902688085803000,26.494802978515626,-0.09399579603672027,-0.17116247621700167,-0.4148706948153674
1733902688095830000,26.504830078125,-0.07991466371417046,-0.20326763326898217,-0.27664516856567933
1733902688105857000,26.51485693359375,-0.10702420443594456,-0.12517375524118543,-0.03281275733206421
1733902688115884000,26.524884033203126,-0.15163140792548654,0.06706248866468667,0.19470997707564383
1733902688125910000,26.534909912109374,-0.12939151906669139,0.2673136967219412,0.3045294017206877
1733902688135937000,26.54493701171875,-0.05466916329860687,0.4607286290183663,0.2724800665091723
1733902688145964000,26.554964111328125,-0.05889584108293056,0.5734057446494698,0.2025070972252637
1733902688155991000,26.564990966796874,-0.06274784033596516,0.5686936214357614,0.17531674635224043
1733902688166018000,26.57501806640625,0.037870004189014435,0.46302141613066194,0.12494221150763332
1733902688176044000,26.5850439453125,0.1697761364251375,0.2901443910807371,0.06900134777277708
1733902688186071000,26.595071044921873,0.2993547024965286,0.14506605806052683,0.06410181222818792
1733902688196098000,26.60509814453125,0.32285365150570866,0.01781768850237131,0.11995459582079201
1733902688206125000,26.615125,0.21024200232625007,-0.037620121081173415,0.16176909985188395
1733902688216152000,26.625152099609377,0.005907178217172623,-0.08818126453906297,0.11682864581998437
1733902688226178000,26.635177978515625,-0.22647768233418464,-0.16221724547818303,0.020341288695856927
1733902688236205000,26.645205078125,-0.33704701203107834,-0.2800584658741951,-0.04630414360053837
1733902688246232000,26.655232177734376,-0.3255249165415764,-0.4253057257205248,-0.10662895804066211
1733902688256259000,26.665259033203125,-0.23278701161146162,-0.5928703235760331,-0.1310610597141087
1733902688266286300,26.675286376953125,-0.16517770271897314,-0.6999829369477927,-0.1433448968237266
1733902688276312300,26.685312255859376,-0.1552536900758743,-0.7696852725967764,-0.15703918525315821
1733902688286339300,26.69533935546875,-0.14588029705286026,-0.7293259358100592,-0.17158011710718274
1733902688296366300,26.705366455078124,-0.1405149706274271,-0.6138602123737334,-0.21870087432023136
1733902688306393300,26.715393310546876,-0.1929518448293209,-0.45467225158885116,-0.28425518691167234
1733902688316420400,26.72542041015625,-0.2739981429219246,-0.2997869564339518,-0.28845008131824434
1733902688326446300,26.7354462890625,-0.2325613861620426,-0.21027020550742745,-0.2539430142236873
1733902688336473300,26.745473388671876,-0.11324117925465106,-0.11642404707446694,-0.2671500671254471
1733902688346500400,26.755500244140624,-0.11027589970827102,-0.07296236035823822,-0.27403025509323925
1733902688356527400,26.76552734375,-0.21650807698369026,-0.10917509885951876,-0.24974691424071788
1733902688366554400,26.775554443359376,-0.2831856579840183,-0.17364684037864206,-0.20664014190938323
1733902688376580400,26.785580322265623,-0.3026449762135744,-0.2204854561820626,-0.1628549953924492
1733902688386607400,26.795607421875,-0.26058804172873495,-0.24315818350017068,-0.13400299491751938
1733902688396634400,26.80563427734375,-0.26407413027882576,-0.27651816291883585,-0.09284651640374213
1733902688406661400,26.815661376953123,-0.31068916645944117,-0.2977579348243773,-0.04852521718349308
1733902688416688400,26.8256884765625,-0.28508418508172034,-0.3029899902589619,-0.008504245505668223
1733902688426714400,26.83571435546875,-0.21671850486397742,-0.2994553863920271,0.0257357316179201
1733902688436741400,26.845741455078127,-0.15888649362027643,-0.3000264642782509,0.06650105538964271
1733902688446768400,26.855768310546875,-0.09150573278665541,-0.2844046783849597,0.10362195824440568
1733902688456795400,26.86579541015625,-0.024290391647815702,-0.25929054926410317,0.12300627500899135
1733902688466822400,26.875822509765626,0.027801030117273327,-0.19755042466595768,0.10639493008907884
1733902688476849400,26.885849365234375,0.06410685372948646,-0.12318316594585775,0.04586195279099047
1733902688486875400,26.89587548828125,0.07602057888507843,-0.0523639550961554,-0.0256014011811465
1733902688496902400,26.90590234375,0.05257423684597015,0.025001462526619434,-0.06138860774673521
1733902688506929400,26.915929443359374,0.032443302965164185,0.09404197326600551,-0.026505729609727857
1733902688516956400,26.925956298828126,0.04876315412521362,0.14919175968840717,0.03074387863613665
1733902688526983200,26.935983154296874,0.11730535995364189,0.1694660475626588,0.1174168575040996
1733902688537009400,26.946009521484374,0.17123276497423648,0.18490590101778506,0.15603947015870362
1733902688547036400,26.956036376953126,0.15581483108997343,0.1811439181357622,0.14784958783183247
1733902688557063400,26.9660634765625,0.06812485719919205,0.1785232142433524,0.06345993412807584
1733902688567090200,26.976090087890626,0.0051630818516016,0.186646022683382,-0.04659234942477196
1733902688577117400,26.986117431640626,-0.0743003309637308,0.19835633422136306,-0.1013848103094846
1733902688587143400,26.996143310546874,-0.10973989313542842,0.2215763201586902,-0.10479257292635738
1733902688597170400,27.00617041015625,-0.047052843075990676,0.2688637026429176,-0.11287431870363653
1733902688607197200,27.016197265625,-0.03664017013311386,0.3138097826980054,-0.16078644549008458
1733902688617224400,27.026224365234373,-0.08096914120316505,0.37713746874853965,-0.206380139266327
1733902688627251500,27.03625146484375,-0.12761691060960292,0.39453663957789536,-0.26973752633538095
1733902688637277400,27.04627734375,-0.1641641417622566,0.3739864573717117,-0.31782292732950296
1733902688647304200,27.05630419921875,-0.18547639438211916,0.31316856218501926,-0.3369298153921962
1733902688657331500,27.06633154296875,-0.19715046556293964,0.245011410151422,-0.31195421795919537
1733902688667358500,27.0763583984375,-0.10800503216683864,0.160713124525547,-0.2261081914346665
1733902688677385200,27.08638525390625,0.018856676161289214,-0.1186138122037053,-0.26013686389513313
1733902688687411200,27.0964111328125,0.07232640054225921,-0.33395342992991206,-0.2824233683746308
1733902688697438500,27.1064384765625,0.08868366110324859,-0.18418489326685666,-0.10885996849574148
1733902688707465500,27.116465576171876,0.12705343150794504,-0.031765842095017434,0.05291906822826713
1733902688717492200,27.1264921875,0.12005261283516883,0.12588672581613064,0.1789815159374848
1733902688727519200,27.136519287109376,0.07349135266840458,0.2813669181242585,0.3133363930325955
1733902688737545500,27.14654541015625,0.12048632807731628,0.4241460342913866,0.36014384651277215
1733902688747572500,27.156572509765624,0.11641922476887702,0.553142124299705,0.4189443739950657
1733902688757599200,27.16659912109375,0.10609189202189445,0.5239040471166372,0.4698428596485406
1733902688767626200,27.176626220703124,0.2459516136109829,0.4056453319609165,0.4537880161002278
1733902688777653500,27.186653564453124,0.37304070095419883,0.310213950163126,0.3647348640974611
1733902688787679500,27.196679443359375,0.3670920216828584,0.26315233925879,0.2299190549597144
1733902688797706200,27.206706298828124,0.17737667455673217,0.2775499901846051,0.07571012469641863
1733902688807733200,27.216733154296875,-0.06126841543316841,0.2763885451897979,-0.029478059951402246
1733902688817760500,27.226760498046875,-0.07914777099490165,0.29946517713367937,-0.11410031683463602
1733902688827787500,27.23678759765625,0.14671791692078112,0.34667730242460965,-0.1960828728640452
1733902688837813500,27.2468134765625,0.34538989296257494,0.3476905711203813,-0.31123912849240004
1733902688847840300,27.25684033203125,0.10713175646364688,0.3084767511069774,-0.43997251244392244
1733902688857867500,27.266867431640627,-0.3318716552197933,0.20555881294608114,-0.5308254073450341
1733902688867894500,27.27689453125,-0.6959861223965883,0.06223930629193782,-0.5112712504388764
1733902688877921300,27.28692138671875,-0.9227028741836547,-0.1010594508126378,-0.430943841205351
1733902688887947300,27.296947265625,-0.8931167142152786,-0.19886779087483883,-0.3269621828030795
1733902688897974500,27.306974609375,-0.6721703625231981,-0.2603992411583662,-0.16137849309910088
1733902688908001500,27.31700146484375,-0.5462894819259643,-0.2846642061039805,0.025580504523590206
1733902688918028300,27.3270283203125,-0.3620972821354866,-0.2755637848034501,0.16789514498412608
1733902688928055300,27.33705517578125,-0.10259645112156868,-0.22838994569629428,0.1779278421660885
1733902688938081300,27.347081298828126,0.17574819657206533,-0.16678046174049377,0.1257345309291035
1733902688948108500,27.357108642578126,0.1707826831191778,-0.146762925106287,0.08711177214402704
1733902688958135300,27.36713525390625,-0.06619768852889538,-0.13917173932492732,0.05420121699329465
1733902688968162300,27.377162353515626,-0.3017816373825073,-0.14299334343969822,0.07092913749758153
1733902688978189600,27.387189453125,-0.5144143342375755,-0.17514555450379848,0.10194467268195002
1733902688988215600,27.397215576171874,-0.5630810422509909,-0.2043359931528568,0.1033858114009723
1733902688998242300,27.4072421875,-0.42558863431513305,-0.17235446248054503,0.09467837147340177
1733902689008269300,27.417269287109374,-0.13707505930662153,-0.08319324699342251,0.0832181987715885
1733902689018296600,27.427296630859374,0.1538029067456722,0.03201689424663782,0.06313000805396586
1733902689028323300,27.4373232421875,0.08069441591501235,0.14981851328462362,-0.0018003274202346802
1733902689038350300,27.447350341796874,-0.16822656889557838,0.24321371307969092,-0.031208737935218958
1733902689048376300,27.457376220703125,-0.30691958479285236,0.2974643587052822,0.010824249418452381
1733902689058403600,27.467403564453125,-0.2269061368793249,0.33182781607806683,0.08295532831801102
1733902689068430300,27.477430419921873,0.0407645565867424,0.33281536581069227,0.11697168928617611
1733902689078457300,27.487457275390625,0.08462123396992682,0.3319876828148961,0.05769572631185874
1733902689088484400,27.497484375,0.010844634619355201,0.296440860876441,0.009356441888213158
1733902689098510300,27.50751025390625,0.05367664512991905,0.2365665301501751,-0.01817108678361401
1733902689108537300,27.517537353515625,0.11965279986262321,0.17446838589459657,-0.010585271297115832
1733902689118564400,27.527564453125,0.16027239502072332,0.12553250555098056,-0.01629341981085017
1733902689128591400,27.53759130859375,0.19240940851569174,0.10289631085097789,0.013560560780856757
1733902689138618400,27.547618408203125,0.287999780267477,0.16515139923393726,0.03388906306037679
1733902689148644400,27.557644287109376,0.2622118435382843,0.26249358308911325,-0.049796935886051504
1733902689158671400,27.56767138671875,0.10804887130856514,0.3211524005457759,-0.1134394965720363
1733902689168698400,27.577698486328124,-0.11399053631722926,0.3239528449192643,-0.13269026835113762
1733902689178725400,27.587725341796876,-0.21212533185482024,0.26571342191845176,-0.09774829870434477
1733902689188752400,27.59775244140625,-0.23209552221596239,0.1547714595168829,-0.028983243905473497
1733902689198778400,27.6077783203125,-0.2962047140330076,0.03783434835374355,0.023380957785854115
1733902689208805400,27.617805419921876,-0.34628362693190573,-0.05974836625903845,0.06100507918871007
1733902689218832400,27.627832275390624,-0.3695119423061609,-0.12471534394919871,0.025550876570306715
1733902689228859400,27.637859375,-0.3016331688225269,-0.14141571885943413,-0.03805355319553055
1733902689238886400,27.647886474609376,-0.2974339635670185,-0.10818827977925538,-0.11438250391003675
1733902689248912400,27.657912353515623,-0.38422669635713097,-0.04147153581231832,-0.18730481538567692
1733902689258939400,27.667939453125,-0.49534196949899195,-0.017123861019313333,-0.16573228612812235
1733902689268966700,27.677966552734375,-0.4824450785249471,0.01695201158374548,-0.0678397201148793
1733902689278994000,27.687993896484375,-0.33135143073797224,-0.004473053760826588,0.036938687288807705
1733902689289020700,27.698020751953123,-0.22374562702178954,0.016960487151145932,0.0649947150804568
1733902689299046700,27.708046630859375,-0.0980856956988573,0.026695991484820842,0.020651861615525558
1733902689309073700,27.71807373046875,-0.0032610476225614546,0.06298895561546086,-0.06342157487906515
1733902689319101000,27.728100830078127,-0.054686698955297465,0.1042331124126911,-0.18418085641255602
1733902689329127700,27.738127685546875,-0.18340367976129054,0.0997410616904497,-0.22584252623580395
1733902689339154700,27.74815478515625,-0.26234803713858124,0.10418459709584713,-0.19102400030558928
1733902689349180700,27.7581806640625,-0.20959435207247734,0.10804828678667544,-0.10953314591641537
1733902689359208000,27.7682080078125,-0.09821019886136055,0.11734130804985761,-0.08485566378030926
1733902689369234700,27.778234619140626,-0.03205868756175041,0.15226882904618977,-0.13396422467655503
1733902689379261700,27.78826171875,0.005664017111063003,0.19806436553746462,-0.21579161754371598
1733902689389288700,27.798288818359374,0.09872691621184349,0.22811609719097614,-0.29580581437591463
1733902689399314700,27.808314697265626,0.16880290747880936,0.2543640526473522,-0.3666088412757963
1733902689409341700,27.818341796875,0.20238953526020048,0.24987317096889017,-0.39110480196569114
1733902689419368700,27.82836865234375,0.21882979792952537,0.21520283960402012,-0.381252429786697
1733902689429395700,27.838395751953126,0.18648352559804915,0.1957122494533658,-0.36524814738184214
1733902689439422700,27.848422607421874,0.09687748895287514,0.18213409821689128,-0.3829819935256615
1733902689449448700,27.85844873046875,-0.02455459554195404,0.16285598177313804,-0.37033169772382823
1733902689459475700,27.868475830078125,-0.1445534323632717,0.17286621139496564,-0.3271993890924379
1733902689469502700,27.878502685546874,-0.23066870428323744,0.17891630521416663,-0.2615849803442135
1733902689479530000,27.888530029296874,-0.25787469111680983,0.19224866499602794,-0.17146120343524962
1733902689489556700,27.898556640625,-0.2813905912607908,0.14953881956040857,-0.09705484568062238
1733902689499582700,27.908582763671873,-0.2520855863213539,0.1185159047871828,-0.016607195042824603
1733902689509609700,27.918609619140625,-0.15797405495047567,0.0889186389029026,0.018408210874581707
1733902689519637000,27.928636962890625,-0.04311550362706184,0.05450549716949463,0.01437922935313545
1733902689529663700,27.938663818359377,0.053228901362419125,0.04117693677991628,-0.008244484891206957
1733902689539690800,27.948690673828125,0.12666238636374472,0.03728811264783144,-0.04466678362309467
1733902689549716700,27.958716796875,0.19772388153672218,0.04079787433445453,-0.11017508794860914
1733902689559743700,27.96874365234375,0.22750760990381239,0.06849661312103271,-0.20552176887132226
1733902689569770800,27.978770751953125,0.2601987501502037,0.10734335338771342,-0.27281317092105745
1733902689579797800,27.9887978515625,0.2976373771846294,0.13743687835633753,-0.3006763795543462
1733902689589824800,27.99882470703125,0.39393560494482516,0.16097440581023692,-0.28817742012301456
1733902689599851800,28.008851806640624,0.31856793701052666,0.19577070164233445,-0.3383945541825145
1733902689609877800,28.018877685546876,0.07099778228700161,0.21769611772447822,-0.4359764285450801
1733902689619904800,28.02890478515625,-0.14955927782654763,0.19786416679024696,-0.5278768962703645
1733902689629931800,28.038931884765624,-0.3378694343298673,0.13572510600239038,-0.5825684175312519
1733902689639958800,28.048958740234376,-0.4048211560964584,0.11218903985321521,-0.5861196802720428
1733902689649985800,28.05898583984375,-0.2030728413492441,0.10720891335308551,-0.5188225060686469
1733902689660011800,28.06901171875,0.0025490999609231947,0.1658484415873885,-0.37879148303326216
1733902689670038800,28.079038818359376,0.049693712973594664,0.2656955940008163,-0.28309030785076317
1733902689680065800,28.089065673828124,-0.06032265901565551,0.33464199671596284,-0.195026112086419
1733902689690092800,28.0990927734375,-0.18909750748872756,0.3518339545354247,-0.1418726962461602
1733902689700119800,28.109119873046875,-0.23283844953775404,0.3212853792756796,-0.08230440839491784
1733902689710145800,28.119145751953123,-0.22328151664137838,0.251462485986948,-0.05665504901935346
1733902689720172500,28.129172607421875,-0.18521511309742927,0.21212211698442696,-0.011966058131027966
1733902689730199800,28.13919970703125,-0.1248468613743782,0.2291913252070546,0.05529093019245192
1733902689740226800,28.149226806640623,0.009570961421728134,0.22044161704033613,0.07436524942610412
1733902689750253600,28.159253662109375,0.2224398051202297,0.17452508451789617,0.06388004096997901
1733902689760279600,28.169279541015626,0.29766660327911376,0.18482699056267737,0.036486842734925445
1733902689770306800,28.179306884765627,0.2656429870307445,0.1834013416737318,-0.05471318510342389
1733902689780333800,28.189333740234375,0.19227146134972573,0.1552069283246994,-0.13864587055360897
1733902689790360600,28.199360595703126,0.0567331100910902,0.11191489908695221,-0.16989256587903945
1733902689800387800,28.209387939453126,-0.04017769660949707,0.05381079290360212,-0.20720016867863014
1733902689810413800,28.219413818359374,-0.08271510808765888,-0.010911270114779471,-0.20278264449732378
1733902689820440800,28.22944091796875,-0.1438356394827366,-0.03194149092286825,-0.21073884593248365
1733902689830467600,28.239467529296874,-0.2523217331647873,-0.020082126303017138,-0.18249129589041693
1733902689840494600,28.24949462890625,-0.2969663460552692,0.014029109874367713,-0.16471498057805
1733902689850521900,28.25952197265625,-0.28216508276462554,0.03919511531293392,-0.14375713088642805
1733902689860547800,28.2695478515625,-0.23353987580537794,0.05978226852864027,-0.1591501495251432
1733902689870574600,28.27957470703125,-0.2083680251479149,0.04397387402206659,-0.13170765052195638
1733902689880601600,28.2896015625,-0.2607294960260391,-0.22156477585136888,-0.2672393163114786
1733902689890628900,28.29962890625,-0.29309564210176464,-0.03636281449645758,-0.1323741150740534
1733902689900655900,28.30965576171875,-0.2946750202476978,0.1658908194243908,-0.029664924293011426
1733902689910681600,28.319681640625,-0.3440717961013317,0.26419512630999087,0.12715455379486082
1733902689920708600,28.32970849609375,-0.34559155301451683,0.32974954849928617,0.26623733619470147
1733902689930735900,28.33973583984375,-0.29913492226600646,0.39154637172073126,0.40987504195254293
1733902689940763000,28.349762939453125,-0.1987082163989544,0.364879021808505,0.4741808888528496
1733902689950789600,28.35978955078125,-0.09846212779581547,0.21785539993941783,0.36759825417194514
1733902689960815600,28.369815673828125,-0.10593640919923782,-0.055200493696331975,0.2117741072643548
1733902689970843000,28.3798427734375,-0.08136193991303443,-0.3372413655593991,0.12253416398521512
1733902689980870000,28.389869873046877,-0.13079495612382888,-0.5439247986212372,0.13042955687753854
1733902689990896600,28.399896728515625,-0.016174889731407165,-0.6631815849035978,0.15915146469939498
1733902690000923600,28.409923583984376,0.11907412319183348,-0.7200707623392343,0.14401654900759459
1733902690010950000,28.419949951171876,0.06479542051553726,-0.7241025020733475,0.10007570047229528
1733902690020977000,28.429976806640624,-0.04304886813163757,-0.6901885420337319,-0.05061049902494996
1733902690031003600,28.440003662109376,-0.34467502269148825,-0.704683223593235,-0.06798764068558812
1733902690041030700,28.45003076171875,-0.5470633889079094,-0.6938724912434816,-0.011934512215293944
1733902690051058000,28.460057861328124,-0.5292261189222336,-0.613116992790997,0.05299301024731248
1733902690061084000,28.470083984375,-0.3906342253118753,-0.5246095650374889,0.13734379324540494
1733902690071110700,28.480110595703124,-0.14962415975630283,-0.35380963852256536,0.16476901232022792
1733902690081137700,28.4901376953125,0.008733926075696945,-0.07771949175745248,0.1873493121145293
1733902690091165000,28.5001650390625,0.11927227611243724,0.18895371510386466,0.20428996205404398
1733902690101191700,28.510191650390624,0.19988193635344503,0.3595072656422853,0.25256065648719667
1733902690111217700,28.5202177734375,0.27005612729787826,0.4415168558090925,0.27233441096078603
1733902690121244700,28.53024462890625,0.10535597896277904,0.41316579059362407,0.25799312986470757
1733902690131272000,28.54027197265625,-0.12473171056210994,0.48681700999885796,0.10676902409847826
1733902690141298700,28.550298583984375,-0.248068167373538,0.4916352239355445,-0.022015907377190887
1733902690151325700,28.56032568359375,-0.3251391320943832,0.41168110499382016,-0.08417714346423745
1733902690161352700,28.570352783203123,-0.17850538632571697,0.3668509064033627,-0.11536693923696875
1733902690171379000,28.58037890625,0.11024141291677951,0.338931218342483,-0.1188311812814325
1733902690181405700,28.59040576171875,0.2726432211816311,0.3526905713647604,-0.07733136922270059
1733902690191432700,28.6004326171875,0.19728782820701599,0.4140650775209069,-0.007718173161894082
1733902690201459700,28.610459716796875,-0.11491934159994124,0.4992983059093356,0.042377325545623894
1733902690211486700,28.62048681640625,-0.4557949720084667,0.554570695798099,0.1694992191798985
1733902690221512700,28.6305126953125,-0.7445026082843542,0.5269008908450603,0.38101496776901184
1733902690231539700,28.640539794921875,-0.8133709773272275,0.46395109819620844,0.5828580481275916
1733902690241566700,28.650566650390626,-0.6203367149114608,0.352836701837182,0.697480087281391
1733902690251593700,28.66059375,-0.3572749765455723,0.23595278216600415,0.7170629588253795
1733902690261619700,28.67061962890625,-0.12785598006248475,0.17775252213180065,0.6368512849260122
1733902690271646200,28.680646240234374,-0.0417535676240921,0.18318506857454775,0.46316440479792653
1733902690281673200,28.690673095703126,-0.18602935208976268,0.2647016145274043,0.2750628495439887
1733902690291700500,28.700700439453126,-0.38885084902644157,0.35729046637564893,0.23774463401883839
1733902690301727200,28.710727294921874,-0.5334241551339626,0.5150722136244178,0.31625235354453324
1733902690311754200,28.720754150390626,-0.5509978057473898,0.6263330327168106,0.4355917400764301
1733902690321780200,28.7307802734375,-0.5438397506862879,0.6518193561509251,0.5713540362840518
1733902690331807200,28.74080712890625,-0.4241746758639812,0.6148866328120232,0.6128516198530792
1733902690341834200,28.750834228515625,-0.2966781767636537,0.5398416209608317,0.524921480530873
1733902690351861200,28.760861328125,-0.11802958257496356,0.46640053717494007,0.3424653472853824
1733902690361888300,28.77088818359375,0.17761632853150366,0.41386224842518565,0.1329338678486645
1733902690371914200,28.780914306640625,0.5492459936439991,0.323332374933362,-0.10533365753311663
1733902690381941200,28.790941162109377,0.6709574796020984,0.2688791924729943,-0.3459990013042465
1733902690391968300,28.80096826171875,0.4863397478759289,0.19361586169600487,-0.5160386475037783
1733902690401995300,28.810995361328125,0.30922727721333504,0.09030044865012168,-0.6097886155532672
1733902690412022300,28.821022216796877,0.13930091866254807,0.0026017069309949873,-0.6507977580182254
1733902690422048300,28.83104833984375,0.014364040917158125,-0.05710252792537212,-0.6636939183399081
1733902690432075300,28.8410751953125,0.001201192483305931,-0.03244125713855028,-0.6821653945758939
1733902690442102300,28.851102294921876,0.0672901599407196,-0.012172083830833434,-0.669654580309987
1733902690452129300,28.86112939453125,0.18664134650826453,-0.03714782739430666,-0.6692229839596897
1733902690462156300,28.87115625,0.28777181673049923,-0.10230185208916663,-0.6447406499363482
1733902690472182300,28.881182373046876,0.3516360938757658,-0.18680062872320413,-0.6200032451733947
1733902690482209300,28.891209228515624,0.30159809750914574,-0.2817123705610633,-0.6065151833731681
1733902690492236000,28.901236083984376,0.15675708037614822,-0.3614256664842367,-0.598645217183046
1733902690502263300,28.91126318359375,-0.03346037105321884,-0.4017839803576469,-0.5660417186874896
1733902690512290300,28.921290283203124,-0.1529717166185379,-0.39240941829085346,-0.5035031371880322
1733902690522316300,28.93131640625,-0.1324590899437666,-0.382423154066503,-0.4178874122880399
1733902690532343000,28.941343017578124,0.01784779137969017,-0.35587066270560025,-0.405764720556885
1733902690542370300,28.951370361328124,0.12871873437166212,-0.3793547064065933,-0.4186327142300084
1733902690552397300,28.961397216796875,0.169672676050663,-0.43980391441136596,-0.48521892715245485
1733902690562424000,28.971424072265624,0.18257833485305308,-0.4422057148560881,-0.6033957361783832
1733902690572450000,28.981449951171875,0.09733809220194815,-0.38121699314713475,-0.7221371933497488
1733902690582477300,28.991477294921875,-0.05799041667580604,-0.21448943063765763,-0.7483154445707798
1733902690592504300,29.00150439453125,-0.1567699398577213,0.010525777928531169,-0.6828071265455335
1733902690602531000,29.011531005859375,-0.1724210979759693,0.23450667501091957,-0.5638971078742295
1733902690612558300,29.021558349609375,-0.1642383760422468,0.32615006270259617,-0.41499790139161047
1733902690622584300,29.031584228515626,-0.14247370347976684,0.3116325847893953,-0.25693456072248516
1733902690632611300,29.041611328125,-0.019568623822927473,0.21114508864581583,-0.20754224184826014
1733902690642638000,29.05163818359375,0.11578326495289802,0.10541823054403066,-0.22940372584871946
1733902690652665000,29.0616650390625,0.1848521250039339,-0.02999474076926708,-0.2733232028024271
1733902690662692400,29.0716923828125,0.1782686549603939,-0.16161182693094014,-0.3395203068094328
1733902690672718300,29.08171826171875,0.03578092295527458,-0.24564298605322837,-0.38069713399149474
1733902690682745300,29.091745361328126,-0.09745967275500297,-0.193263102735579,-0.46537630869373675
1733902690692772000,29.101772216796874,-0.2114998934328556,-0.13943068252205848,-0.48622817726023493
1733902690702799400,29.11179931640625,-0.32872342032194135,-0.11206307538598775,-0.39489210195206104
1733902690712826400,29.121826416015626,-0.2872077531069517,-0.045609658530354494,-0.27651487498320637
1733902690722852400,29.131852294921874,-0.1390332076370716,0.012159516610205173,-0.15851736804693936
1733902690732879000,29.141879150390626,-0.03707973059415817,0.0771565971776843,-0.023571945746731944
1733902690742906400,29.15190625,0.0127051677942276,0.11544511903971433,0.09250271706790662
1733902690752933400,29.161933349609374,0.03298983093202114,0.20730594887435436,0.1990534131074324
1733902690762960100,29.171960205078125,0.13354980778992176,0.3012181582808494,0.22828549894113093
1733902690772986000,29.181986083984373,0.2486602880477905,0.3141533354386687,0.2024536865375936
1733902690783013400,29.192013427734373,0.2199041491627693,0.2622974759951234,0.19188301002141087
1733902690793040400,29.202040283203125,0.16663783839941024,0.19564327587038277,0.13066192259499804
1733902690803067100,29.212067138671873,0.0826221691071987,0.11399842736274003,0.05471417605069
1733902690813094100,29.22209423828125,-0.10095745174288749,0.026769056721031664,0.024527744067646563
1733902690823120400,29.232120361328125,-0.2828022116243839,-0.03833674491792917,0.07331611483250744
1733902690833147400,29.2421474609375,-0.30302491544187066,0.010079495465755463,0.08835789974760264
1733902690843174100,29.252174072265625,-0.1530593949019909,0.13135463583320378,0.06228588538002222
1733902690853201200,29.262201171875,-0.03103694329857826,0.21329203754663467,0.03158485950492322
1733902690863228400,29.272228515625,-0.022036475241184232,0.2906207764208317,-0.017296258444152772
1733902690873254400,29.28225439453125,-0.08221183474063873,0.3144599171698093,-0.02263120799763128
1733902690883281200,29.29228125,-0.20128361984491347,0.28457506651580333,0.021297456909529864
1733902690893308200,29.30230810546875,-0.3295920198500156,0.20226737018525598,0.1006020807002671
1733902690903335400,29.31233544921875,-0.3871931449472904,0.10821750587373971,0.1745462369037792
1733902690913362200,29.322362060546876,-0.37073067044615743,0.06551905861496925,0.2700767316944897
1733902690923388200,29.33238818359375,-0.29880759000778195,0.08980097469538449,0.33493769172690807
1733902690933415200,29.342415283203124,-0.2323404368877411,0.10767039338499307,0.36843284183256325
1733902690943442400,29.3524423828125,-0.18046762630939484,0.1775342032060027,0.3897745397426188
1733902690953469200,29.36246923828125,-0.05041267489790916,0.29858196455836294,0.3773328451901674
1733902690963496200,29.37249609375,0.0008802899658679962,0.3810930745065212,0.38138387414664027
1733902690973522200,29.382522216796875,0.0024888942062854767,0.4335802175909281,0.3392711178213358
1733902690983549400,29.392549560546875,-0.0344774391412735,0.4628691481783986,0.2620146404657513
1733902690993576200,29.402576171875,-0.06659340984821319,0.4825920857802033,0.17454227311471476
1733902691003603200,29.412603271484375,-0.1361667122900486,0.4424605663999915,0.05277114765755832
1733902691013630200,29.422630126953123,-0.23399697192311286,0.37396716814935205,-0.009839256969094276
1733902691023657200,29.4326572265625,-0.2801192561507225,0.29815935523211956,-0.0273127351436764
1733902691033683200,29.44268310546875,-0.2746031230777502,0.22899521811306475,-0.05083415171299129
1733902691043710200,29.452710205078127,-0.2921872950851917,0.17944617430716753,-0.06526053554294631
1733902691053737200,29.4627373046875,-0.29398060824275013,0.15495032321512697,-0.0770326968033798
1733902691063764200,29.47276416015625,-0.3073778499543667,0.14011165052354335,-0.06871736146593466
1733902691073791200,29.482791259765627,-0.27588965575695035,0.12875146759748457,-0.012410842756461352
1733902691083817200,29.492817138671874,-0.2265349654793739,0.16126345188468694,0.0010998875332996249
1733902691093844200,29.50284423828125,-0.21372809087634084,0.19709055206924675,0.016569953463599085
1733902691103871200,29.512871337890626,-0.17447686146199703,0.21831249605715272,0.03632460137791931
1733902691113898200,29.522898193359374,-0.1567050579279661,0.22282062113136053,0.008552340697403996
1733902691123925200,29.53292529296875,-0.13657529309093952,0.21677754157483575,-0.02848044548248872
1733902691133951200,29.542951171875,-0.12329846288859843,0.2327598313435912,-0.05486879579024389
1733902691143978200,29.552978271484374,-0.13128712355494498,0.24242402400672433,-0.0804472179546021
1733902691154005200,29.563005126953126,-0.14748422511816023,0.24776275468617676,-0.04770540696689859
1733902691164032300,29.5730322265625,-0.13240823653936384,0.27555326340943576,0.014614307617489247
1733902691174059300,29.583059326171874,-0.0939069487094879,0.30835926220715043,0.026412735830340532
1733902691184085200,29.593085205078125,-0.02777881828546524,0.32010055340528487,-0.0006276851779781281
1733902691194112300,29.6031123046875,0.0332096111625433,0.29086247622221706,-0.03208818765087053
1733902691204139300,29.61313916015625,0.06041618251800537,0.2523988900542259,-0.03390044297091663
1733902691214166300,29.623166259765625,0.11194295613765716,0.1858405515193939,-0.08785473599843681
1733902691224193300,29.633193359375,0.1351344466328621,0.09701777420639991,-0.17324341067690402
1733902691234219300,29.64321923828125,0.10213292526304721,-0.01722849043756723,-0.19742749240603297
1733902691244246300,29.653246337890625,0.05866144780516624,-0.08528145144432783,-0.21355096247745678
1733902691254273300,29.663273193359377,0.02172550959587097,-0.06746551650762557,-0.2406738193385303
1733902691264300300,29.67330029296875,-0.005535422295331955,-0.030759879922866818,-0.2583487931682728
1733902691274327300,29.683327392578125,-0.03618775019049644,0.017231120786070822,-0.23051935894042253
1733902691284353300,29.693353271484376,-0.061439680346846576,0.05516279203444719,-0.17443232820052654
1733902691294380300,29.70338037109375,-0.09341127414703368,0.16395839005708693,-0.19826533146966246
1733902691304407300,29.7134072265625,-0.10336568192839622,0.21410247714668512,-0.20447560255294664
1733902691314434300,29.723434326171876,-0.09553776478171348,0.23265081801116466,-0.2024193093439564
1733902691324461300,29.73346142578125,-0.06041618251800537,0.20755495519936085,-0.17812734679356215
1733902691334487300,29.7434873046875,-0.017909750699996948,0.15955080274790526,-0.12837503550052642
1733902691344514300,29.753514404296876,-0.024312603479623794,0.12709434804022313,-0.07448409003280103
1733902691354541300,29.763541259765624,-0.013940847069025038,0.1183633445739746,-0.021450418981537222
1733902691364568300,29.773568359375,-0.045565819388628005,0.16902853292822836,-0.027556005847640334
1733902691374595300,29.78359521484375,-0.12603051820099354,0.1497057005599141,-0.0697117245318368
1733902691384621300,29.793621337890624,-0.1953296798765659,0.13979220931082964,-0.12401302263243123
1733902691394648300,29.8036484375,-0.18512334316074847,0.10907236913740634,-0.15343321491675452
1733902691404675300,29.81367529296875,-0.17075053441524504,0.09107318658828735,-0.1817031046547927
1733902691414702000,29.8237021484375,-0.15658172380924223,0.07847995473593473,-0.16958887022472918
1733902691424729300,29.833729248046875,-0.12093465636670589,0.07717559413909912,-0.17688764893077313
1733902691434755300,29.84375537109375,-0.10733107842803001,0.1073999058805406,-0.18257716580927372
1733902691444782300,29.8537822265625,-0.12777063986659049,0.11558321233615279,-0.1795824409727007
1733902691454809000,29.86380908203125,-0.11079203253686427,0.10647460772916674,-0.17644324789782986
1733902691464836400,29.87383642578125,-0.10337386523485183,0.10423764245733619,-0.1567705609122291
1733902691474863400,29.88386328125,-0.042353287082910536,0.1034317329019308,-0.10753483910551294
1733902691484889300,29.893889404296875,0.003416530445218086,0.11428250500112772,-0.06671274364525452
1733902691494916000,29.903916015625,0.047292497050762175,0.09432239764258266,-0.019057404631469398
1733902691504943400,29.913943359375,0.06593173106908798,0.07082476380765437,0.0074373834591358896
1733902691514970400,29.923970458984375,0.12009236032366752,0.01221606910303235,-0.015267090704105793
1733902691524997000,29.9339970703125,0.19455109671950338,-0.0011434709466993807,-0.13156758446414024
1733902691535023000,29.944023193359374,0.16994038707613943,-0.08628931331261992,-0.15993812156505882
1733902691545050400,29.95405029296875,0.023833295530080793,-0.15431567857339978,-0.13039094190020115
1733902691555077400,29.964077392578126,-0.01004559319615364,-0.17822803068906068,-0.16341792650483547
1733902691565104000,29.974104248046874,-0.03231704623699188,-0.19671645805984733,-0.19325656339693814
1733902691575131100,29.984131103515626,-0.08465630528330803,-0.21689707630127666,-0.20002013924773782
1733902691585157400,29.994157470703126,-0.15451719249486923,-0.25236411100178957,-0.17876907876320183
1733902691595184400,30.004184326171874,-0.20057751740217208,-0.2925055672541261,-0.10748579406570642
1733902691605211100,30.014211181640626,-0.18981179323792458,-0.3264898160509765,-0.04435542068555951
1733902691615238100,30.024238037109374,-0.14491875854432582,-0.3301153130717575,0.0008717778658494352
1733902691625265400,30.034265380859374,-0.1473766730904579,-0.3253637346304953,0.021870397959277033
1733902691635291400,30.04429150390625,-0.17221417722702026,-0.31462548299506304,0.014255867834948003
1733902691645318100,30.054318115234373,-0.2529518477618694,-0.30016850309744475,-0.012694865595921874
1733902691655345200,30.06434521484375,-0.39229251391291614,-0.3116542120993137,-0.047856962533108886
1733902691665372400,30.074372314453125,-0.49427872418165203,-0.31861469876170156,-0.07548723919335752
1733902691675399400,30.0843994140625,-0.5381038373827934,-0.3127439070321619,-0.044173524780012664
1733902691685425400,30.09442529296875,-0.5169447294980287,-0.3041971740916371,-0.03752546506766229
1733902691695452200,30.1044521484375,-0.4487304404497146,-0.29633053236976264,-0.029093188819661733
1733902691705479400,30.1144794921875,-0.3742249423027038,-0.2833138144083321,0.02302281939741224
1733902691715506400,30.12450634765625,-0.29929625030755996,-0.27337226610854265,0.05192191041707992
1733902691725533200,30.134533203125,-0.2264180611014366,-0.2640380360521376,0.06155629246383905
1733902691735559200,30.14455908203125,-0.12615268327593804,-0.21802958746254442,0.06567961947154254
1733902691745586400,30.15458642578125,-0.0259592016428709,-0.1554413216024637,0.04455729993321001
1733902691755613400,30.164613525390624,0.02273556342124939,-0.10090952094793319,0.04602306163683533
1733902691765640200,30.17464013671875,-0.013313655081391334,-0.03366100819185376,0.061434931106492875
1733902691775667200,30.184667236328124,0.008466799572110176,-0.0021036942809820173,0.06470712117757647
1733902691785693400,30.194693359375,0.09292027575969695,0.04722995320856571,0.04941796477213502
1733902691795720400,30.204720458984376,0.18653028734922408,0.07343874569833278,0.03201795369256288
1733902691805747200,30.214747314453124,0.23606617941260336,0.10387436210289597,-0.007605360437184572
1733902691815774200,30.224774169921876,0.20330781914889812,0.12403890599235892,-0.06372611078359186
1733902691825801500,30.234801513671876,0.14002104963064194,0.13736337472870946,-0.0989220369251445
1733902691835827500,30.244827392578124,0.03969605057239532,0.1676744879707694,-0.08649016964696347
1733902691845854200,30.254854248046875,-0.05862286936044692,0.17400661360174416,-0.07616963196694851
1733902691855881200,30.264881103515624,-0.08687398133277893,0.1734519023284316,-0.05683163856212049
1733902691865908500,30.274908447265624,-0.03542319555878639,0.07119593520760535,-0.10354385150689631
1733902691875935200,30.284935302734375,-0.00229658650457859,-0.0952732686266303,-0.2007119939694181
1733902691885961200,30.294961181640623,-0.01689618974328041,0.08514408880025148,-0.08960848433058709
1733902691895988200,30.30498828125,-0.10995908884406089,0.23677111281156538,0.028515133203379808
1733902691906015500,30.315015380859375,-0.1868774933516979,0.31947131559103725,0.07212894174139946
1733902691916042200,30.325042236328127,-0.23303484889268875,0.36537791124135255,0.08316811255216598
1733902691926069200,30.3350693359375,-0.24274609556794166,0.38930020022913814,0.10471936155967414
1733902691936096300,30.34509619140625,-0.19471125571727751,0.459408778591454,0.14634433436803518
1733902691946122500,30.35512255859375,-0.13551789299249647,0.42575230044424534,0.14927238717656582
1733902691956149200,30.365149169921875,-0.05018354231715202,0.36496348522156474,0.11757456881646067
1733902691966176300,30.37517626953125,-0.0008346972584724426,0.3045157385215163,0.09826079653743654
1733902691976203300,30.385203369140626,-0.03701894031763077,0.24732377874702213,0.049552185611054296
1733902691986229200,30.395229248046874,-0.09814180980026721,0.19265768418833612,-0.01508168766722083
1733902691996256300,30.40525634765625,-0.08326046701073646,0.17169556018039583,-0.10373228675108402
1733902692006283300,30.415283203125,-0.04962824652194976,0.16613777992278336,-0.15308489466942846
1733902692016310300,30.425310302734374,-0.02053250041902065,0.16044921289235353,-0.18002371846679596
1733902692026337300,30.435337158203126,-0.021373627418279646,0.11474047790169715,-0.19252766460049897
1733902692036364300,30.4453642578125,-0.03720014210343361,0.02454392801746726,-0.2062801494905725
1733902692046390300,30.455390380859374,-0.03232055336833,-0.08340659748315811,-0.256447909716703
1733902692056417300,30.465417236328125,-0.03626549160182476,-0.16644626135006546,-0.3281154810240492
1733902692066444300,30.4754443359375,-0.04315466659367084,-0.20150909916386006,-0.35420934189725667
1733902692076471300,30.48547119140625,0.014842179822921752,-0.19230331779271362,-0.32464791451133784
1733902692086498300,30.495498291015625,0.0790191761791706,-0.19065540445521473,-0.2386959433943033
1733902692096524300,30.505524169921873,0.13459201031923293,-0.15235665346011518,-0.1545000952295959
1733902692106551300,30.51555126953125,0.12046060911417007,-0.11868673130944371,-0.09272237856741994
1733902692116578300,30.525578369140625,0.030885552129149434,-0.060644292185455556,-0.08003405231013894
1733902692126605300,30.535605224609377,-0.015628361764550208,0.008132745312154292,-0.10221768093705176
1733902692136632300,30.54563232421875,-0.00010755202770233153,0.05559753018990159,-0.1035498793888837
1733902692146658300,30.555658203125,-0.04308393944501877,0.07393398186936974,-0.07256174366809427
1733902692156685300,30.565685302734376,-0.10466858122050761,0.06485518787875771,-0.032034028044529254
1733902692166712300,30.57571240234375,-0.060171852368116376,0.05131020825952291,-0.0008808379551395773
1733902692176739300,30.5857392578125,0.07858721450269222,0.03922171105891466,-0.021385975443199274
1733902692186766300,30.595766357421876,0.17313538372516632,0.05919570081233978,-0.06880900353845208
1733902692196792300,30.605792236328124,0.1763245351552963,0.08983385405167937,-0.08657704421281814
1733902692206819300,30.6158193359375,0.10417992092072963,0.13685864007696508,-0.08370547083187847
1733902692216846300,30.625846435546876,-0.029980127722024914,0.18480784747079013,-0.08874277087934315
1733902692226873300,30.635873291015624,-0.13172785305976867,0.18722893713787198,-0.03738704297766089
1733902692236900400,30.645900390625,-0.18389175553917883,0.16400164467692374,-0.0001026566568762064
1733902692246926300,30.65592626953125,-0.1944856302678585,0.16416925632879137,-0.002316460248827934
1733902692256953300,30.665953369140624,-0.14715163216292856,0.1498177826322615,-0.019625468576699494
1733902692266980400,30.67598046875,-0.07722995467483997,0.18552885522171852,-0.057985046380944545
1733902692277008000,30.6860078125,-0.06858779853582382,0.24400164858698845,-0.0885629208004102
1733902692287034600,30.69603466796875,-0.13274316758215426,0.2918123242929578,-0.13921232706364242
1733902692297060600,30.706060546875,-0.20713994465768337,0.33508667174354195,-0.18237806304059923
1733902692307087600,30.716087646484375,-0.28141923283338544,0.34943712252676484,-0.2109011968873441
1733902692317115000,30.726114990234375,-0.26722762587368487,0.319175255253911,-0.20107191332299262
1733902692327142000,30.736141845703123,-0.07578092491030693,0.25262933780923486,-0.14053371186051516
1733902692337168600,30.746168701171875,0.2224924120903015,0.23339549889862535,-0.04619246338699013
1733902692347194600,30.756194580078127,0.41736441132724283,0.20979966538622974,-0.011765950715355574
1733902692357222000,30.766221923828127,0.3602104454755783,0.29844898582845925,0.039422932719439266
1733902692367249000,30.776248779296875,0.2380208206117153,0.29809198908433315,0.0630459099670872
1733902692377275600,30.786275634765627,0.19658231028616427,0.22317191878706216,0.02511237555518746
1733902692387302700,30.796302734375,0.14595394681096077,0.15168196906894443,-0.03516286412216723
1733902692397329000,30.806328857421875,0.11914543486237525,0.07369695824310184,-0.1407196263540536
1733902692407356000,30.81635595703125,0.05697451763153076,-0.012157324653118848,-0.2480842782581225
1733902692417382700,30.826382568359374,-0.11497896283268928,-0.048260465300083155,-0.3680976915940642
1733902692427409700,30.83640966796875,-0.39784547186493874,-0.03994534915834665,-0.41541919554360207
1733902692437437000,30.84643701171875,-0.5938765780091285,0.03154328538551927,-0.3938283817106858
1733902692447463000,30.856462890625,-0.596406388747692,0.1239160102650523,-0.3186185346866026
1733902692457489700,30.86648974609375,-0.33186522547900676,0.2532609137110412,-0.25571312916874883
1733902692467516700,30.8765166015625,-0.022022446715831756,0.3686570790424943,-0.2009638863712549
1733902692477544000,30.8865439453125,0.22817981007695196,0.48350379379764197,-0.1952499657038599
1733902692487570700,30.89657080078125,0.28155250382423397,0.4885387192249298,-0.2154126098971814
1733902692497596700,30.9065966796875,-0.05313187072873115,0.43239480719864365,-0.2667891613911837
1733902692507623700,30.916623779296874,-0.5661152953803539,0.3328898923516273,-0.3037522068031132
1733902692517651000,30.92665087890625,-0.9802461316138505,0.20243395892381666,-0.21394487543217836
1733902692527677700,30.936677734375,-0.971580594599247,0.07151683772504329,-0.03123918787240982
1733902692537704700,30.94670458984375,-0.6153869835495949,-0.002964402763545513,0.21588468438833952
1733902692547730700,30.956730712890625,-0.28754151510596276,-0.0396709161311388,0.4323931266982108
1733902692557758000,30.966758056640625,-0.00004208557605743408,-0.03616831483766436,0.5531234195992351
1733902692567784700,30.97678466796875,0.1417827986061573,-0.020232494559139013,0.5511602297674865
1733902692577811700,30.986811767578125,0.009088730862736701,-0.055376873176544904,0.5027660550851375
1733902692587838700,30.996838623046877,0.015399813705682754,-0.19095117253139615,0.5437119595881551
1733902692597865000,31.006864990234376,0.02117839710712433,-0.2938357929445803,0.6168816060215234
1733902692607891700,31.0168916015625,-0.053882396835088726,-0.296793327575922,0.6351517144665122
1733902692617918700,31.026918701171876,-0.11663666691184044,-0.24027327571362256,0.5740384895950555
1733902692627945700,31.03694580078125,-0.18544073854684828,-0.15025427435338495,0.48341406968757505
1733902692637972700,31.04697265625,-0.11885200487375258,-0.04543152548447251,0.4023841382078826
1733902692647998700,31.056998779296876,0.012099603116512299,0.049027065758407117,0.2545428432803601
1733902692658025700,31.067025634765624,0.05821721116900444,0.08427183601036667,0.09179930890575051
1733902692668052700,31.077052734375,-0.09574936170578002,0.017827771504968403,-0.04771751752980053
1733902692678079700,31.087079833984376,-0.27186113089323044,-0.11382248627394437,-0.12747596776895223
1733902692688106800,31.097106689453124,-0.3250397633731365,-0.22776392275243995,-0.2318175089921802
1733902692698132700,31.1071328125,-0.3995499376952648,-0.2977083965942263,-0.35217400014474987
1733902692708159700,31.11715966796875,-0.5878080717504024,-0.3265791017696261,-0.44681671578288074
1733902692718186800,31.127186767578124,-0.6281085179567336,-0.3174405404157936,-0.44783656034991143
1733902692728213800,31.1372138671875,-0.31860593093335626,-0.2543032623708248,-0.446121573125571
1733902692738240800,31.14724072265625,-0.16027122597694396,-0.19893501089215276,-0.45974458641707894
1733902692748266800,31.157266845703123,0.03353343628942966,-0.18121669111102817,-0.44467378547005354
1733902692758293800,31.167293701171875,0.254789584583044,-0.1867065206989646,-0.4626538979925215
1733902692768320800,31.17732080078125,0.1255225686788559,-0.26930063275545835,-0.41104448759071527
1733902692778347800,31.18734765625,-0.2728811215907335,-0.386173738771677,-0.21637853231988846
1733902692788374800,31.197374755859375,-0.620588059324026,-0.41816111466288564,0.02036971107274294
1733902692798400800,31.20740087890625,-0.8751531875014305,-0.3648769759818911,0.1610931368190795
1733902692808427800,31.217427734375,-1.064272906821966,-0.29088994875103236,0.3217288852594793
1733902692818454800,31.227454833984375,-1.01758480540514,-0.10042699812799692,0.493333260025084
1733902692828481800,31.237481689453126,-0.6622960342407226,0.13933628223687408,0.6079439740672707
1733902692838508800,31.2475087890625,-0.14489888480007648,0.3134603847384453,0.7702601498752832
1733902692848534800,31.25753466796875,0.2775450217485428,0.35973493691831826,0.8555354638397693
1733902692858561800,31.267561767578126,0.38956981095075605,0.32404081546366215,0.8346313536293805
1733902692868588800,31.2775888671875,0.26778642880022524,0.2298649866849184,0.7619542399533092
1733902692878615800,31.28761572265625,0.23365327305197714,0.1097998066291213,0.5988283186649903
1733902692888642800,31.297642822265626,0.26703005747497083,0.05135112479180097,0.251398371242173
1733902692898668800,31.307668701171874,0.2301648464143276,0.054229018315672874,-0.26839550060927864
1733902692908695800,31.31769580078125,0.17997779696583746,0.1527913916155696,-0.6523751634027809
1733902692918722800,31.327722900390626,0.2530652450084686,0.26546500011533497,-0.8915393818959593
1733902692928749800,31.337749755859374,0.33236265360713,0.34946664088219404,-0.9424448087468743
1733902692938776800,31.34777685546875,0.2701753697633743,0.40402006884664293,-0.8515734283410012
1733902692948802800,31.357802734375,0.11708382615745067,0.44040889456719157,-0.6730844086281955
1733902692958829600,31.36782958984375,-0.04817746319174766,0.46508799327164885,-0.5005825370335951
1733902692968856800,31.37785693359375,-0.12158990540504455,0.408926837849617,-0.35369989453777667
1733902692978883800,31.3878837890625,-0.16013678594231603,0.3287871332079172,-0.23796088885171338
1733902692988910600,31.39791064453125,-0.1308329500466585,0.2500000122189522,-0.1922943307686597
1733902692998936600,31.4079365234375,-0.028842648124694822,0.20634733297526836,-0.17681575273834169
1733902693008963800,31.4179638671875,0.17340426379442214,0.21028438016325235,-0.18075057143662124
1733902693018990800,31.427990966796877,0.2959264816135168,0.23572715671658515,-0.21818919847104698
1733902693029017600,31.438017578125,0.2501297760784626,0.2766162164658308,-0.2754099094159901
1733902693039044900,31.448044921875,0.10822656596302986,0.28046032467335463,-0.3147275185974315
1733902693049070800,31.45807080078125,-0.07532265974879264,0.19757336715012788,-0.37529564027413725
1733902693059097900,31.468097900390624,-0.2857353424668312,0.11505173580795526,-0.39029286452829837
1733902693069124600,31.47812451171875,-0.4369721981167793,0.041950259239971636,-0.42401407847478984
1733902693079151900,31.48815185546875,-0.4807517186105251,-0.02608691967576742,-0.4354151048678905
1733902693089179000,31.498178955078124,-0.4186480213969946,-0.07277706691920757,-0.38308980128169057
1733902693099204900,31.508204833984376,-0.1807031886309385,-0.15175941821932792,-0.33350429792292413
1733902693109231600,31.518231689453124,0.1128910506427288,-0.16509090121835468,-0.24542099559931083
1733902693119258600,31.528258544921876,0.288253462767601,-0.11034808816164732,-0.14417980414475312
1733902693129286000,31.538285888671876,0.2860112367987633,-0.025756080286204814,-0.05714517975701019
1733902693139312600,31.548312744140624,0.20776246047019958,0.053906069971621035,-0.013449664876953465
1733902693149338600,31.558338623046875,0.10048165092468261,0.10988836169540882,-0.036256075319508085
1733902693159365600,31.56836572265625,0.012190788531303405,0.13307137662321328,-0.1255370903945528
1733902693169393000,31.578392822265624,-0.03610124095082283,0.13641338052749633,-0.22931864138115196
1733902693179419600,31.588419677734375,-0.036838907575607295,0.13188976562321186,-0.3596736351851374
1733902693189446700,31.59844677734375,-0.031732524347305294,0.13995616770088673,-0.4722799871349707
1733902693199474000,31.608473876953123,-0.01595160236954689,0.11689590236991643,-0.4847191244041547
1733902693209500000,31.6185,-0.0027829087167978283,0.08291969074904919,-0.40259153388086705
1733902693219526700,31.628526611328127,0.0945522608757019,0.06655600044727325,-0.2673969728249125
1733902693229553700,31.6385537109375,0.2019710175871849,0.10266162531226873,-0.1254482978662476
1733902693239581000,31.648580810546875,0.24738486128449438,0.15084318015724418,-0.040893124003009866
1733902693249607700,31.658607666015627,0.17628011149168013,0.1959384594246745,-0.034522796669939994
1733902693259633700,31.668633544921875,0.08428104223012924,0.2711015446975827,-0.06632985440804623
1733902693269660700,31.67866064453125,-0.05682721811532974,0.29561814631670713,-0.12230526886647566
1733902693279687400,31.6886875,-0.1910170773744583,0.2947065844297409,-0.16651802967833354
1733902693289714400,31.69871435546875,-0.30648937668204307,0.2970937718272209,-0.15798019243031738
1733902693299740400,31.708740478515626,-0.3489642443180084,0.292699628521502,-0.09345926887406968
1733902693309767400,31.718767333984374,-0.3081073332726955,0.2737830388665199,-0.020475845178205054
1733902693319794400,31.72879443359375,-0.2646118904173374,0.24201047476977108,0.07925960647207685
1733902693329821400,31.738821533203126,-0.21474866609573362,0.21625819387584924,0.18324384955707937
1733902693339848200,31.74884814453125,-0.11376315730214118,0.20322452477961778,0.2342483528682962
1733902693349875500,31.75887548828125,0.06833645412325859,0.2168196271508932,0.24737528973855077
1733902693359901400,31.7689013671875,0.21450901212096213,0.26854221560359,0.20958430560249833
1733902693369928400,31.778928466796874,0.1964502083390951,0.28962299755513665,0.1502410860782489
1733902693379955200,31.788955078125,0.060170683324337004,0.2817895274505019,0.04878382245390676
1733902693389982500,31.798982421875,-0.08182254316210746,0.22898674254566428,-0.07311960587971843
1733902693400009500,31.809009521484374,-0.2002314804434776,0.24027122988700866,-0.2500633415124379
1733902693410035500,31.819035400390625,-0.2906231145083904,0.19918255591243506,-0.3450646795962006
1733902693420062200,31.829062255859377,-0.28677696047425266,0.16741875964403152,-0.39759379865881056
1733902693430089500,31.83908935546875,-0.2424608488857746,0.15803396844416856,-0.4021277522940188
1733902693440116500,31.849116455078125,-0.175640644544363,0.13654635925740002,-0.34355507875084873
1733902693450143200,31.859143310546877,-0.15560089607834815,0.11148030706197022,-0.27738066149968654
1733902693460169200,31.869169189453125,-0.15142624074220656,0.06518383531123399,-0.20651050591403616
1733902693470196500,31.879196533203125,-0.12949030326604843,0.017056348741054533,-0.1301801760931965
1733902693480223500,31.889223388671876,-0.10181903700828551,-0.06736497874259949,-0.13731348030553198
1733902693490250200,31.899250244140624,-0.09770634099245071,-0.06412760425657034,-0.0466832334454637
1733902693500277200,31.90927734375,-0.15001403585672377,-0.016849427992105485,-0.007379045434598811
1733902693510303200,31.91930322265625,-0.2613964355021715,0.03569792084693908,-0.01837582470863126
1733902693520330500,31.92933056640625,-0.37075288227796555,0.05265139373540878,-0.015219274073583073
1733902693530357200,31.939357177734376,-0.42464463146328923,0.05748480524122715,0.02326824095926713
1733902693540384300,31.94938427734375,-0.35816929503679273,0.10851064360141753,0.1667454086934216
1733902693550411500,31.95941162109375,-0.20899346356987952,0.07308540221601724,0.25310029805554074
1733902693560437500,31.9694375,-0.0031306992411613463,-0.008938508737087248,0.2639179533364251
1733902693570464300,31.97946435546875,0.12690847007930278,0.07423048059791326,0.3150492978977039
1733902693580491300,31.9894912109375,0.17343582797646523,0.11326485239118338,0.3252495336662978
1733902693590518500,31.9995185546875,0.14468787239789963,0.23969196869432924,0.3260460543388501
1733902693600545300,32.00954516601563,0.09511807806491851,0.3189204037100076,0.22289788761865345
1733902693610571300,32.0195712890625,0.01055880341529846,0.33555911156088114,0.15319091232717036
1733902693620598300,32.02959838867187,-0.09216156634688377,0.30812165405899283,0.06721771575901657
1733902693630625500,32.03962548828125,-0.10808394262194633,0.27835633813142774,-0.013577877241838723
1733902693640652500,32.04965258789063,-0.162414083224535,0.2590516259416938,-0.11388639095616526
1733902693650679300,32.05967919921875,-0.25326398245096204,0.23942250410318372,-0.173977442306187
1733902693660705300,32.06970532226563,-0.20308979248404502,0.26693945658206936,-0.25088667712667956
1733902693670732300,32.07973217773438,-0.07228080783486365,0.284874049462378,-0.3077385730255395
1733902693680759600,32.089759521484375,-0.027676526954770086,0.3176894006103277,-0.31960743612609804
1733902693690786300,32.099786376953126,-0.039458734685182566,0.3478551140323281,-0.30444415285633875
1733902693700813300,32.10981323242188,-0.12256722600460052,0.3835612181857228,-0.2534825023061596
1733902693710839300,32.11983935546875,-0.24282909767627714,0.467238157042861,-0.23680978258782998
1733902693720866600,32.12986645507812,-0.26299042669534684,0.2921820343881845,-0.3514642444401979
1733902693730893300,32.139893310546874,-0.19479776495695114,0.2934057309642434,-0.31800628453977403
1733902693740920300,32.14992041015625,-0.13947627522945402,0.3739984400704503,-0.017722466233279555
1733902693750947600,32.15994750976562,-0.10375614255070685,0.37554566951245066,0.14830535050900653
1733902693760973600,32.1699736328125,-0.01518821678161621,0.3949836526930332,0.10081199712390079
1733902693771000300,32.18000024414062,0.04674363099634647,0.43957069017738104,0.00944415670428425
1733902693781027300,32.19002734375,0.025804303342103957,0.3664849957004189,-0.1101606940970756
1733902693791054600,32.2000546875,-0.09392331532239913,0.28844693951308725,-0.20403522010799496
1733902693801081300,32.21008129882812,-0.26868016276955603,0.2546808635115623,-0.19065295676980165
1733902693811107300,32.220107421875,-0.38331191959977146,0.24873598363250493,-0.10433927620090544
1733902693821134300,32.23013427734375,-0.33515900632739065,0.25739625995010135,-0.006102518126182258
1733902693831161300,32.240161376953125,-0.18042612525522708,0.2471142276495695,0.036139527134597296
1733902693841188400,32.25018823242188,-0.021351415586471557,0.26171821480244395,0.024845175986364484
1733902693851215400,32.26021533203125,0.06096446405053138,0.28018881425559516,-0.05767250983305275
1733902693861241300,32.27024145507813,0.08952946427762508,0.2751215939939022,-0.11120985609013587
1733902693871268400,32.28026831054687,0.08754851959347724,0.23105887264460323,-0.15675667851734906
1733902693881295400,32.29029541015625,0.09514262798428536,0.15790449684560298,-0.13769549275990575
1733902693891322400,32.300322265625,0.09887304668426514,0.10731237372756004,-0.11495602034851908
1733902693901349400,32.31034936523437,0.11640168911218643,0.11223901647478342,-0.11513210756778716
1733902693911375400,32.32037524414063,0.16400632085204123,0.15457359885722396,-0.12186733410693705
1733902693921402400,32.33040234375,0.16992285141944885,0.21043986298590897,-0.08625570330396294
1733902693931429400,32.340429443359376,0.2141016003638506,0.24940058502107856,-0.07614548390638083
1733902693941456400,32.35045629882813,0.28221768973469735,0.275418531113863,-0.08545717333741486
1733902693951483400,32.3604833984375,0.2796925551712513,0.29251638090908527,-0.13018252331390975
1733902693961509400,32.37050927734375,0.21949147670865057,0.3552279808878898,-0.169912512688525
1733902693971536400,32.380536376953124,0.1088823995232582,0.4654354915350675,-0.18190007026530802
1733902693981563400,32.3905634765625,-0.016108254235982895,0.5658204040870071,-0.1584082085840404
1733902693991590100,32.40059008789063,-0.106215810662508,0.5879416350021958,-0.11671345847509801
1733902694001617400,32.410617431640624,-0.18375556193888187,0.5239569463476539,-0.08853844394627958
1733902694011643400,32.42064331054687,-0.3026069822907448,0.4612573290675878,-0.030376798889413473
1733902694021670400,32.43067041015625,-0.3350660673469305,0.3517489066004753,-0.02697290873005986
1733902694031697200,32.440697265625,-0.3511258062660694,0.19477555312514305,-0.09494228310659528
1733902694041724400,32.45072436523437,-0.4906804074287414,0.03651069853454828,-0.10409903770424425
1733902694051751400,32.46075146484375,-0.6163549517989159,-0.08107844679653645,-0.05041705881208181
1733902694061777400,32.47077734375,-0.653513008326292,-0.11899638178050517,0.03710669166631996
1733902694071804200,32.48080419921875,-0.6047042614936828,-0.13418167595267294,0.10733685058169067
1733902694081831400,32.49083154296875,-0.4730483046263456,-0.1589341321542859,0.14188877973128108
1733902694091858400,32.5008583984375,-0.37095688041746616,-0.18824439779073,0.11858221148904412
1733902694101885400,32.510885498046875,-0.3044131549298763,-0.23778905768245456,0.07411448953542858
1733902694111911400,32.52091137695312,-0.27073943338692186,-0.3251063988685608,0.06937909504398704
1733902694121938400,32.5309384765625,-0.24584289253950117,-0.44037031612247224,0.09381824751272796
1733902694131965400,32.54096533203125,-0.1949427263855934,-0.5442023003883659,0.11291044946294278
1733902694141992400,32.55099243164062,-0.16409399913549422,-0.617171528878808,0.14291541936527938
1733902694152019200,32.561019287109374,-0.12545008796453475,-0.6589788725167512,0.14743085096310823
1733902694162045400,32.57104541015625,-0.08349310672283172,-0.6648087477140128,0.1513042583303526
1733902694172072400,32.581072509765626,-0.005669862329959869,-0.6076518592528999,0.11490662824884057
1733902694182099500,32.59109936523438,0.010792612171173095,-0.5474399671353399,0.062103076159022746
1733902694192126200,32.60112622070312,0.006719663643836975,-0.4366306912027299,0.035184929823502895
1733902694202153500,32.611153564453126,0.07756605476140975,-0.3229823924519121,-0.0042877968544140456
1733902694212179500,32.621179443359374,0.18376783689856527,-0.22479966611936686,-0.040909554548002776
1733902694222206500,32.63120654296875,0.29517420194149013,-0.15327347604408859,-0.03327573520131409
1733902694232233200,32.64123315429688,0.36724516641795635,-0.13430164907053113,-0.004797901801019907
1733902694242260500,32.651260498046874,0.34357261440753933,-0.1532525793865323,-0.03577507773637771
1733902694252287500,32.66128759765625,0.21286182943582532,-0.14540785723552108,-0.07853347502145916
1733902694262313500,32.6713134765625,0.011741875720024109,-0.13334332543238997,-0.10088230414744466
1733902694272340000,32.681340087890625,-0.14581483060121536,-0.1081681137740612,-0.11776249260399489
1733902694282367200,32.6913671875,-0.2777151176184416,-0.05410013123899698,-0.10038206300772726
1733902694292394200,32.70139428710937,-0.31077626022100446,0.014370032266527414,-0.08083820829987526
1733902694302421000,32.7114208984375,-0.2480547233700752,0.0445659946963191,-0.048672918558493254
1733902694312447000,32.72144702148437,-0.16496669031679628,0.09307809666991233,-0.011321093024685978
1733902694322474200,32.73147412109375,-0.08926467586159706,0.15188172942474484,0.034176191172376275
1733902694332501200,32.74150122070313,-0.055063131052255625,0.21190978940799832,0.0661546531047672
1733902694342528000,32.75152807617187,-0.07893383598327636,0.27758009306192394,0.060186611545830965
1733902694352555000,32.761554931640624,-0.14182722226977348,0.381583049980551,0.03636157238744199
1733902694362581000,32.7715810546875,-0.20444003804922103,0.4326921827100217,-0.021575798926874994
1733902694372608300,32.781608154296876,-0.22939503108561038,0.419311161480844,-0.11490407096557319
1733902694382635000,32.79163500976563,-0.1984498577237129,0.35996743049994107,-0.22420871448889373
1733902694392662000,32.801662109375,-0.1436824947476387,0.2515178694359958,-0.29228282788153737
1733902694402689300,32.811689208984376,-0.11053776551485062,0.13544482775628566,-0.28785430738218126
1733902694412715300,32.82171533203125,-0.09636427873373031,0.01610620840936899,-0.2920603442372754
1733902694422742000,32.831741943359376,-0.11714052478075027,-0.08704860724732279,-0.3009323636094108
1733902694432769000,32.84176904296875,-0.1914133832156658,-0.200419111970067,-0.2806844522854313
1733902694442796300,32.85179638671875,-0.28682722935676574,-0.2859178594268858,-0.21771376297902315
1733902694452823000,32.861822998046875,-0.3609820143699646,-0.3322384427055716,-0.1368087365206331
1733902694462849000,32.87184912109375,-0.3631885845035314,-0.32892025806829334,-0.0871046848161146
1733902694472876000,32.8818759765625,-0.31554303623139857,-0.31232685066387056,-0.03872340614795684
1733902694482903300,32.8919033203125,-0.25676526857018467,-0.2702252002544701,-0.02906966181360185
1733902694492930000,32.90192993164062,-0.1583750369668007,-0.20191402670294045,-0.03584262654725462
1733902694502957000,32.91195703125,-0.04633037402033806,-0.16521408920660613,-0.06163173232022673
1733902694512983000,32.921983154296875,-0.0032698154509067535,-0.1512375863023102,-0.04558477981742471
1733902694523010000,32.93201000976563,0.006969254490733146,-0.13591960566118358,-0.004090557249262929
1733902694533037300,32.94203735351562,0.008721651116013526,-0.1232151685193181,0.057961957766301926
1733902694543064000,32.95206396484375,0.04655015425086021,-0.1340598031386733,0.09030925301108508
1733902694553091000,32.962091064453126,0.05581015002727508,-0.1835411885358393,0.12209420166537165
1733902694563117000,32.972116943359374,0.04644961648583412,-0.24607231738120316,0.14689641529284417
1733902694573144300,32.98214428710938,-0.000754033237695694,-0.2600624104194343,0.11470292237028479
1733902694583171000,32.99217114257812,-0.08038461931347847,-0.32721754580363627,0.06400222431123256
1733902694593198000,33.002197998046874,-0.10432780495882034,-0.39324776881113643,0.01329999188221991
1733902694603225300,33.01222534179688,-0.07680266917347908,-0.4298671884171664,-0.08499686234928668
1733902694613251300,33.022251220703126,-0.09747720841169356,-0.4019552452713251,-0.15335969302281735
1733902694623278000,33.03227807617188,-0.1287643270790577,-0.3497735148742795,-0.1999261408213526
1733902694633305000,33.04230517578125,-0.19484569575190544,-0.2807102077811956,-0.2335571922663599
1733902694643332400,33.052332275390626,-0.18196867852210996,-0.18432196364998815,-0.2320632273815572
1733902694653359000,33.06235913085938,-0.05244213489890098,-0.10663695868402719,-0.18035408293232322
1733902694663385000,33.072385009765625,0.10256371789574623,0.011406944677233695,-0.11546528504490852
1733902694673412000,33.082412109375,0.1672235293328762,0.12726269034445284,-0.008084047332219778
1733902694683439000,33.09243920898437,0.17629706262648104,0.24484160654246806,0.06926094855703413
1733902694693466000,33.102466064453125,0.1725169595658779,0.3475707441329956,0.12084073100555688
1733902694703493000,33.1124931640625,0.17769114733338354,0.4185466068491339,0.1601999143064022
1733902694713519000,33.12251904296875,0.1935094787120819,0.4625789330601692,0.14277133471947162
1733902694723546000,33.13254614257813,0.17087679114341736,0.46605128534585233,0.11643252264186739
1733902694733573000,33.14257299804687,0.18520809883475303,0.3952835124224424,0.12046002459228038
1733902694743600000,33.15260009765625,0.2610311093211174,0.30238807884305713,0.09559274637196212
1733902694753627100,33.16262719726563,0.29850363862514495,0.24119769708216188,0.01642100997958332
1733902694763653000,33.172653076171876,0.1546317587852478,0.20356442425847052,-0.10503204423803836
1733902694773680000,33.18268017578125,-0.06855155817866325,0.19766572160869836,-0.2306682293592021
1733902694783707100,33.19270703125,-0.15268646993637083,0.2054369401320815,-0.3182711460210383
1733902694793734100,33.202734130859376,-0.17327683802247046,0.27177023773938414,-0.3652779579982161
1733902694803761200,33.21276123046875,-0.23355741146206854,0.3318240166857838,-0.3196626734446734
1733902694813787100,33.222787109375,-0.20664777722656727,0.38539281752705573,-0.23453180945217608
1733902694823814100,33.23281420898437,-0.09943769482970237,0.4278422584608197,-0.14287998272571711
1733902694833841200,33.242841064453124,0.020516718327999114,0.43145635730475185,-0.07550976155241951
1733902694843868000,33.252867919921876,0.01929506757855415,0.38197657934278245,-0.049308713977690787
1733902694853895200,33.26289526367187,-0.09698971715569496,0.2624970902204513,-0.029741661057341842
1733902694863921200,33.27292114257813,-0.21475217322707174,0.12119418408572673,0.000700823479425162
1733902694873948200,33.2829482421875,-0.34687165595293046,0.02889204022437334,0.005671031373739242
1733902694883975000,33.292974853515624,-0.4672890104472637,0.014319617253541946,-0.013776797347422688
1733902694894002200,33.30300219726563,-0.4680173247218132,0.028844401690363883,-0.026251718316040933
1733902694904029200,33.313029296875,-0.33978549708426,0.04639496368914842,-0.045165842019300906
1733902694914055200,33.32305517578125,-0.20354864216744897,0.0557528668820858,-0.053907768738362935
1733902694924082000,33.33308203125,-0.12443301987648009,0.04600654889345169,-0.010789360768161713
1733902694934109200,33.343109130859375,-0.14772387909293175,0.06257949803173542,0.038048319897986946
1733902694944136200,33.35313623046875,-0.11154781934022903,0.06332037952691316,0.0441231097670272
1733902694954163200,33.3631630859375,-0.039649288821220395,0.06531213786602019,-0.03306386428261176
1733902694964189000,33.37318896484375,-0.02895896798074245,0.07994505885243415,-0.10959496823940426
1733902694974216200,33.38321630859375,-0.043190322428941726,0.1434314425960183,-0.1036285523819737
1733902694984243200,33.3932431640625,-0.0034919337689876553,0.18954115960299966,-0.09679857849776745
1733902694994270200,33.40327026367188,0.09471475796103476,0.2532645669728517,-0.09101663409546017
1733902695004297000,33.413296875,0.1438695417523384,0.2993485650166869,-0.06994208095530048
1733902695014323200,33.4233232421875,0.07506547011733054,0.3070072630763054,-0.0732545847704634
1733902695024350200,33.43335009765625,-0.023306056785583496,0.2642465642362833,-0.07539488473478705
1733902695034377200,33.443377197265626,-0.031515082204341884,0.18015870649069546,-0.07935038089491427
1733902695044404000,33.45340405273438,-0.07584171518683433,0.2345528522402048,-0.026513054399657992
1733902695054431200,33.46343115234375,-0.05071428819298744,0.2529910107284784,0.013709887857362628
1733902695064458200,33.473458251953126,0.011610942816734313,0.2641615163013339,-0.01410847698720172
1733902695074484200,33.483484130859374,-0.061548985940217966,0.24356150360405443,-0.10929158311234786
1733902695084511000,33.493510986328126,-0.18876082288026808,0.20439298403710127,-0.23030266571613028
1733902695094538200,33.50353833007812,-0.10419745657742023,0.13831921414881942,-0.3149614734837785
1733902695104565200,33.513565185546874,-0.1440484054505825,0.07665507739633322,-0.36742161896340547
1733902695114591200,33.52359130859375,-0.22883330554962156,-0.030545652650296688,-0.25881997261028733
1733902695124618000,33.53361791992187,-0.08963058656454086,-0.10862871702313423,-0.052096499799005686
1733902695134645200,33.54364526367188,0.049396775853633876,-0.12340630717724561,0.11603736757813021
1733902695144672300,33.55367236328125,0.08263502858877181,-0.061678165277838704,0.16450650719283147
1733902695154699000,33.56369897460937,-0.13055179501771927,-0.0044172319203615185,0.07760160099882632
1733902695164726000,33.57372607421875,-0.4955255093723535,0.06112023913413286,-0.07485253975270316
1733902695174752300,33.583752197265625,-0.7547299877882003,0.11756868706494569,-0.1588234383214265
1733902695184779300,33.593779296875,-1.0578805754363536,0.11666121683120727,-0.10583002621531486
1733902695194806000,33.60380590820313,-1.0020739325404167,0.07671177601963282,0.1395407918330282
1733902695204833000,33.6138330078125,-0.6423094772666692,-0.011222820281982421,0.5051923323839903
1733902695214860300,33.6238603515625,-0.19480477921962736,-0.05872428390830755,0.7809700521990657
1733902695224886300,33.63388623046875,0.10987199508249759,-0.021117022308707236,0.9158344497188925
1733902695234913000,33.6439130859375,0.15783786135017872,0.07087269460260867,0.8994511779338121
1733902695244940000,33.65393994140625,0.14230653021931647,0.15332622914463281,0.7829062809586524
1733902695254967300,33.66396728515625,0.09348550842702388,0.18047785544246434,0.6321701413724571
1733902695264994000,33.673994140625,0.011328618744015693,0.2283455220326781,0.523828424597159
1733902695275020500,33.6840205078125,0.10284195031523703,0.2948340102016926,0.36292087347805496
1733902695285047600,33.69404760742187,0.1348772570014,0.3327975378930568,0.09772020512102171
1733902695295074800,33.70407470703125,0.14773556953072547,0.3139543057352304,-0.1362161774549633
1733902695305101600,33.7141015625,0.10731704990267753,0.29486089820861816,-0.3656013447336852
1733902695315128600,33.72412866210937,-0.07541033803224563,0.33645839848816395,-0.6453416845694184
1733902695325154600,33.73415454101563,-0.21537585808336734,0.36373423568755386,-0.8608228296581655
1733902695335181800,33.744181884765624,-0.29766309614777564,0.36597207774221896,-0.8931510548762976
1733902695345208600,33.75420849609375,-0.4184802636146545,0.3522141860246658,-0.865989345575869
1733902695355235600,33.76423559570313,-0.4994529119491577,0.3194432585403323,-0.7414299959059805
1733902695365262600,33.7742626953125,-0.31401860314309593,0.18858312822580336,-0.4316973264537751
1733902695375288800,33.78428881835937,-0.051529696229100225,0.0369260013371706,-0.10492272037835791
1733902695385315600,33.79431567382812,-0.04380523945689201,-0.06749211225360631,0.12632546429326758
1733902695395342600,33.804342529296875,-0.08565583771467208,-0.113278588655591,0.2848791457626037
1733902695405369600,33.81436962890625,-0.05190320571660995,-0.14039572816193102,0.4120527147851884
1733902695415396600,33.82439672851562,0.02366261513829231,-0.12358663218021392,0.45257973628900944
1733902695425422600,33.83442260742188,0.07888239805698394,-0.0343836233779788,0.34005353690329937
1733902695435449600,33.84444970703125,-0.0295756385743618,0.12287380773574114,0.14379380963500588
1733902695445476600,33.8544765625,-0.105501524913311,0.23801585217565296,-0.0029080694664269683
1733902695455503600,33.86450366210938,-0.13918752141594887,0.26747458637207744,-0.14896091007459908
1733902695465530600,33.87453051757812,-0.23103870663940906,0.2501896895721555,-0.27639915791535746
1733902695475556600,33.884556640625,-0.37496903866827486,0.13932839119136334,-0.3470559995438903
1733902695485583600,33.89458349609375,-0.486402876240015,0.030141748024523258,-0.34068544159866865
1733902695495610600,33.904610595703126,-0.5446949062108993,-0.0726119394853711,-0.2642334672926925
1733902695505637600,33.9146376953125,-0.39189386998414993,-0.16352321351021526,-0.2322226191943511
1733902695515664600,33.92466455078125,-0.1559820043504238,-0.2255573526188731,-0.2687149783546105
1733902695525690600,33.93469067382812,0.08469605277180671,-0.2550324534282088,-0.29236884393086654
1733902695535717600,33.944717529296874,0.2648912918806076,-0.2418093992397189,-0.36364652087148275
1733902695545744600,33.95474462890625,0.3066436904609203,-0.21028964086025953,-0.4138193225989118
1733902695555771600,33.96477172851562,0.2055786866903305,-0.17497428959012032,-0.38613505072910337
1733902695565798400,33.97479833984375,0.02747720499038696,-0.1371887488141656,-0.3347938993420452
1733902695575824600,33.98482470703125,-0.056389995741844175,-0.08853753063082695,-0.26587266760077327
1733902695585851600,33.9948515625,-0.016924831315875053,-0.04721797050982714,-0.25291447489354757
1733902695595878700,34.00487866210938,0.04048515512347221,0.000929097543656826,-0.2930394366688095
1733902695605905400,34.01490551757813,0.06319324601590633,0.05368921235054731,-0.32774449228718877
1733902695615932700,34.0249326171875,0.11993337036967276,0.09771657012552022,-0.3500981437187642
1733902695625958700,34.03495874023437,0.1514326704829931,0.15114303988665342,-0.3593058978512883
1733902695635985700,34.044985595703125,0.0697825612783432,0.1718237166047096,-0.3586574073472991
1733902695646012700,34.0550126953125,-0.03269464737772941,0.19524054028838872,-0.3236731877276674
1733902695656039700,34.06503979492187,-0.12656067955493927,0.21674305478334427,-0.2686030058801174
1733902695666066700,34.075066650390625,-0.2133434754729271,0.19111440026909113,-0.19951829067282378
1733902695676092700,34.0850927734375,-0.2748176426112652,0.17174100675731896,-0.1579126436194405
1733902695686119700,34.09511962890625,-0.23701719652712344,0.14876578936129808,-0.1374532906350214
1733902695696146700,34.10514672851563,-0.03152677264213562,0.11845657581537962,-0.08140046355882659
1733902695706173700,34.11517358398437,0.29375848992466924,0.1346504625082016,-0.020391502779442815
1733902695716200700,34.12520068359375,0.48804772083759307,0.17479542589187622,-0.003519698558747768
1733902695726226700,34.135226806640624,0.4336217186450958,0.23236411002427337,-0.04645307795139961
1733902695736253700,34.145253662109376,0.23146482309699057,0.2689829451084137,-0.10582208037087693
1733902695746280700,34.15528076171875,-0.019113281270861624,0.2884203437671065,-0.13190238764276727
1733902695756307700,34.1653076171875,-0.25001053361296655,0.3026058132469654,-0.18118425014615058
1733902695766334500,34.17533447265625,-0.37275311618447304,0.32058541431277987,-0.23629847206482663
1733902695776360400,34.1853603515625,-0.33514614684581756,0.2996224135220051,-0.3005981997516006
1733902695786387700,34.1953876953125,-0.1496159764498472,0.2739382294282317,-0.3434445675810799
1733902695796414700,34.20541479492187,0.11233575484752654,0.2348290388330817,-0.3555322610640898
1733902695806441500,34.21544140625,0.25735095950365067,0.25418548121005297,-0.34108236849438395
1733902695816468700,34.22546875,0.16669336797893047,0.30084289522767066,-0.34872068135309964
1733902695826494700,34.23549462890625,-0.08573241008222103,0.3068371672064066,-0.3376358813023195
1733902695836521700,34.24552172851563,-0.29789339777231216,0.30596009211093184,-0.3207508705401793
1733902695846548500,34.25554858398438,-0.3780184893667698,0.2938976061344147,-0.3057080901112407
1733902695856575700,34.26557568359375,-0.3277472687661648,0.27303309728205205,-0.2671180645519867
1733902695866602800,34.27560278320313,-0.22134090396761893,0.2532134213075042,-0.23366509135393423
1733902695876628700,34.285628662109374,-0.16276830348968505,0.22069909893274306,-0.18963154130019247
1733902695886655500,34.295655517578126,-0.11446341452598571,0.18334581209421158,-0.1299279822972603
1733902695896682800,34.30568286132812,-0.009577975684404372,0.14239800789505241,-0.057773979179840534
1733902695906709800,34.315709716796874,0.16932488552629946,0.10013386040031909,-0.01973007972864434
1733902695916736500,34.325736572265626,0.3624941724985838,0.12827917391061783,-0.01126865045139566
1733902695926763500,34.33576342773438,0.4239174862325191,0.22850217389911412,-0.050983387457951904
1733902695936789500,34.34578955078125,0.32403847737610336,0.30385376748144627,-0.12589218744253738
1733902695946816800,34.35581665039062,0.17122984236478805,0.32839024284482,-0.15965977954771368
1733902695956843500,34.365843505859374,-0.050497430571913714,0.3041483665138483,-0.14400600934727117
1733902695966870500,34.37587060546875,-0.2122621099770069,0.2748287485271692,-0.0890023716636002
1733902695976897800,34.38589770507812,-0.26055881563425065,0.2377466798454523,-0.03896340718260035
1733902695986923800,34.395923828125,-0.28500936627984047,0.20186697269082068,-0.010428619430679827
1733902695996950500,34.40595043945312,-0.2795101843416691,0.1560609148055315,0.05235147920707241
1733902696006977500,34.4159775390625,-0.20524550921320914,0.10102145688980817,0.08256996399592607
1733902696017004800,34.4260048828125,-0.15574468846321105,0.054479485945403576,0.09160946715576573
1733902696027031600,34.43603149414062,-0.14526596454679966,0.04671119003146887,0.08234380882354453
1733902696037057500,34.4460576171875,-0.14559037419557572,0.026735446712374687,0.1210960574734956
1733902696047084500,34.45608447265625,-0.23115327292978763,0.028246435797214507,0.18151501647047696
1733902696057111800,34.46611181640625,-0.3346481341958046,0.007996551711857319,0.2403160188768059
1733902696067138600,34.476138671875,-0.40516719305515286,-0.020318857668340205,0.2844502893586643
1733902696077165600,34.48616552734375,-0.4327040192782879,-0.03833148422092199,0.3400015509877354
1733902696087191600,34.49619165039063,-0.40155718586444855,-0.06750672530084847,0.34417759456336494
1733902696097218600,34.50621850585937,-0.34025720624923705,-0.09263532133847474,0.322701968075335
1733902696107245600,34.51624560546875,-0.3184258981913328,-0.12999825278818605,0.26222908693403
1733902696117272600,34.5262724609375,-0.3432125489234924,-0.18813538445830344,0.18075199620872734
1733902696127299600,34.53629956054687,-0.37567221850156785,-0.2738791927173734,0.11144697104794904
1733902696137325600,34.54632568359375,-0.3385831355571747,-0.3337044236049056,0.04376982108363881
1733902696147352600,34.5563525390625,-0.2575017661511898,-0.3898819456398487,0.005142769715934991
1733902696157379600,34.566379638671876,-0.1532861893951893,-0.46630584462881086,-0.013525306804385035
1733902696167406600,34.57640649414063,-0.07992284702062606,-0.4365834910601377,-0.06229049762305803
1733902696177433900,34.586433837890624,-0.019670915153622626,-0.2094853387400508,-0.19483367652054875
1733902696187459600,34.59645947265625,0.02246668335199356,0.13625702092200517,-0.3614993162423372
1733902696197486600,34.606486572265624,0.002499415600299835,0.42713031079918146,-0.46068858926892275
1733902696207513600,34.616513671875,-0.05321428831517696,0.6012734102621674,-0.44384760031159964
1733902696217540900,34.62654077148437,-0.007110124266147613,0.6007146073356271,-0.3171790399353951
1733902696227567600,34.63656762695312,0.13077391333580016,0.47415246647596354,-0.1636186001760885
1733902696237593600,34.64659350585937,0.27227847952246664,0.2980842441692948,-0.10826565586440265
1733902696247620600,34.65662060546875,0.3674813132613897,0.13486059812754392,-0.11212691613612696
1733902696257647600,34.66664770507813,0.3850871125787496,0.011129004518687724,-0.1891035171044059
1733902696267674600,34.67667456054688,0.26973113312721253,0.000836158563196659,-0.278727947922796
1733902696277700900,34.68670092773438,0.05133855757117271,0.06459872889965772,-0.31079825285710394
1733902696287728000,34.69672802734375,-0.11873334693014621,0.14218290383964777,-0.31519137324951585
1733902696297754000,34.70675415039062,-0.2119184111058712,0.22461305750608443,-0.27477670781267804
1733902696307780900,34.71678076171875,-0.2416542086780071,0.24227847805619238,-0.1842216450806707
1733902696317807900,34.726807861328126,-0.2191109529584646,0.1566515741750598,-0.04742750334097072
1733902696327835100,34.73683520507812,-0.16723521977066994,0.021331834103167056,0.06631287587378173
1733902696337862000,34.74686181640625,-0.08295183945298194,-0.1236459611520171,0.1455679066354409
1733902696347887900,34.75688793945312,-0.04600654889345169,-0.25127719254791736,0.18126420178087427
1733902696357915000,34.766914794921874,-0.054552258920669554,-0.32201866198629137,0.18086248911218716
1733902696367942100,34.77694213867188,-0.10012684613764286,-0.3264949306175113,0.1646241422231309
1733902696377969200,34.78696923828125,-0.13298925129771233,-0.28351006763279435,0.15159149604020639
1733902696387996000,34.796995849609374,-0.16836217797398567,-0.20561551156938074,0.17412552727367728
1733902696398022000,34.80702197265625,-0.2337549798607826,-0.09880582666695117,0.20954868629984558
1733902696408049200,34.817049072265625,-0.19169161563515663,-0.05062544086575508,0.18370253484370186
1733902696418076200,34.827076171875,-0.08949556200802326,-0.0482236404210329,0.10186844737427309
1733902696428103000,34.83710302734375,-0.0012906243324279784,-0.1021226961299777,0.017782288395427167
1733902696438130000,34.8471298828125,0.01774491552710533,-0.1512292568653822,-0.06775417898958548
1733902696448156200,34.85715625,-0.04768821837007999,-0.1551414618730545,-0.15186802969295532
1733902696458183200,34.86718310546875,-0.09647241528332233,-0.0810100577354431,-0.24222331380285322
1733902696468210000,34.8772099609375,-0.19346739313602446,0.031005379116535184,-0.2988896788006648
1733902696478237000,34.88723681640625,-0.2857610614299774,0.1850762891486287,-0.2730787995873019
1733902696488264200,34.89726416015625,-0.2793693145662546,0.35177754817306994,-0.1798895706931129
1733902696498290200,34.907290283203125,-0.11504793641567229,0.49057080957442517,-0.10865505704078823
1733902696508317000,34.91731689453125,0.05904430964291096,0.5600336373791098,-0.021911204893700777
1733902696518344000,34.92734399414063,0.19077976148724554,0.6413894398123026,0.070514455749467
1733902696528371200,34.93737109375,0.2587047122001648,0.5946735736057162,0.12209628402460365
1733902696538398000,34.94739794921875,0.2848071217060089,0.4797349427834153,0.12246643251124768
1733902696548424000,34.957423828125,0.2609679809570312,0.35539135475605726,0.08345014436393976
1733902696558451000,34.967450927734376,0.18422259492874143,0.21798194892853498,0.05681125336121767
1733902696568478200,34.97747827148437,0.053984688165783876,0.13843611852675675,0.025656638499721884
1733902696578505000,34.9875048828125,-0.12740180655419825,0.10373363845795393,0.026872663225978612
1733902696588532000,34.997531982421876,-0.2152069312572479,0.08433861763626337,0.05103077026363462
1733902696598558000,35.007557861328124,-0.22286299896836279,0.111542266382277,-0.00923515359610319
1733902696608585200,35.01758520507813,-0.20540449916720388,0.08538754216730594,-0.09008706162776797
1733902696618612000,35.02761206054687,-0.26858020952641964,0.018490180936455724,-0.0981079805959016
1733902696628639000,35.037638916015624,-0.18266192148327826,-0.0126288876876235,-0.13094397267308086
1733902696638666000,35.047666015625,-0.1128559793293476,-0.008539280286431312,-0.13820724167432635
1733902696648692000,35.05769189453125,-0.11561609169244766,-0.001322188514471054,-0.10588760162144899
1733902696658719000,35.06771899414063,-0.14403788405656814,0.08672112885862589,-0.09353007822111248
1733902696668746000,35.07774609375,-0.23614099821448326,0.21347850002944468,-0.08024787772390991
1733902696678773000,35.08777294921875,-0.36260815426707266,0.3955819108471274,-0.09291337109487503
1733902696688800000,35.09780004882813,-0.38568507847189903,0.5316270425841212,-0.042035380240157245
1733902696698826000,35.107825927734375,-0.2659370015412569,0.5962906534135342,-0.007833068245835602
1733902696708853000,35.11785302734375,-0.11068857216238975,0.5847682656630874,-0.028105894815362988
1733902696718880000,35.1278798828125,-0.02808276966810226,0.5051040695786476,-0.03303633695486933
1733902696728907000,35.137906982421875,-0.019282208096981047,0.39917525916397567,-0.00762742613852024
1733902696738934000,35.14793408203125,-0.09788754277825355,0.31809476654082536,0.051948652293533085
1733902696748961000,35.1579609375,-0.15848492708206177,0.2994698533087969,0.08691950097493827
1733902696758987000,35.16798706054688,-0.13673545208871363,0.3490551374718547,0.08412194267828017
1733902696769014000,35.17801391601562,0.021284780091047287,0.3986433442443609,-0.026430508949048817
1733902696779041000,35.188041015625,0.1245025779813528,0.41789778755158186,-0.1707117367748171
1733902696789068000,35.19806811523438,-0.023950784429907796,0.35045535965859886,-0.28001977783162146
1733902696799095000,35.20809497070312,-0.08664601779580115,0.24728666160702703,-0.35410968091506506
1733902696809120800,35.21812084960938,-0.07319616911411285,0.13689239621609448,-0.37676125584729014
1733902696819148000,35.22814794921875,-0.09321078313887118,0.04876286186426878,-0.2819571391023695
1733902696829175000,35.238175048828126,-0.09628536827862262,0.031336218506097795,-0.07756660275068133
1733902696839202000,35.2482021484375,-0.061686933106184005,0.13137538636028767,0.15249942293167112
1733902696849229000,35.25822900390625,0.054610126587748525,0.34465485668629403,0.21070519939120858
1733902696859255000,35.26825512695312,0.15460545530021189,0.47107115933448074,0.15700919197369365
1733902696869282000,35.27828198242187,0.10098433974981308,0.46285219704359765,0.040148433982394635
1733902696879309000,35.28830908203125,0.03348959714770317,0.31015988188833,-0.10544690864924341
1733902696889336000,35.29833618164062,0.011463643300533293,0.07376403212994337,-0.23979849780872461
1733902696899363000,35.30836303710937,-0.007958850049972533,-0.11376315730214118,-0.32768983949050307
1733902696909389000,35.31838916015625,-0.1010351931542158,-0.3265808553352952,-0.2133787659820169
1733902696919416000,35.328416015625,-0.2545429163455963,-0.3924883287459612,-0.01576170582063496
1733902696929442800,35.33844287109375,-0.2049894886255264,-0.40262627640068527,0.13496354704536498
1733902696939470000,35.34846997070313,-0.10863631580770015,-0.41646950831413265,0.1710026460127905
1733902696949497000,35.3584970703125,-0.06866612446904181,-0.5263552396610379,0.12283168562706559
1733902696959523000,35.36852319335937,-0.07729483660459519,-0.6423688062384725,0.028585714221559463
1733902696969549800,35.3785498046875,-0.05638064339160919,-0.6732099347040057,-0.16508991483766586
1733902696979577000,35.3885771484375,-0.026656536257266997,-0.6279848915770649,-0.3412087348204106
1733902696989604000,35.39860400390625,-0.08697802622914313,-0.5329793339759111,-0.40508535999059675
1733902696999630800,35.408630859375,-0.24134207398891447,-0.4147895924031734,-0.3663972808843478
1733902697009656800,35.41865673828125,-0.34964871945083137,-0.21984511245191096,-0.3003462708171457
1733902697019684000,35.42868408203125,-0.3674421502947807,-0.0060118076354265205,-0.2169736121362075
1733902697029711000,35.43871118164063,-0.28666005609631534,0.1534644685715437,-0.14219970884397626
1733902697039737900,35.44873779296875,-0.16665771214365957,0.22672493509352207,-0.06127747552245855
1733902697049765000,35.45876513671875,-0.07534253349304199,0.1934986650571227,0.04749335338510573
1733902697059791000,35.468791015625,0.000706102442741394,0.08447802610695361,0.08589801244009286
1733902697069818000,35.478818115234375,0.008700023806095122,-0.07289718616753817,0.07743979803323746
1733902697079844900,35.48884497070313,-0.003038344782590866,-0.17260639141499995,-0.0041053529595956205
1733902697089872000,35.49887182617187,-0.0627718057334423,-0.1993976599678397,-0.07616510192230343
1733902697099899100,35.508899169921875,-0.15648118604421615,-0.17056611775904892,-0.0921462957125157
1733902697109925000,35.51892504882812,-0.23776480002403258,-0.13548399072289466,-0.05539258220233023
1733902697119952000,35.528951904296875,-0.28691023146510125,-0.09517477668821811,-0.02368460777439177
1733902697129979000,35.53897875976563,-0.276192438095808,-0.08587561794519424,-0.029612901844829318
1733902697140006100,35.54900610351562,-0.21875965530276298,-0.1118731057718396,-0.036139819395542144
1733902697150033000,35.559032958984375,-0.12641747169196604,-0.1413406077966094,-0.04505176891926676
1733902697160059000,35.56905883789062,-0.049418987685441965,-0.16805910337418317,-0.09472049358207732
1733902697170086000,35.5790859375,-0.007354454416036605,-0.1594289299339056,-0.13820673021767288
1733902697180113200,35.58911303710938,-0.00023848493099212645,-0.1104749294117093,-0.18623309450093656
1733902697190140000,35.59913989257812,-0.03555412846207619,-0.0392591204598546,-0.23322284574545918
1733902697200167000,35.6091669921875,-0.10186346067190169,0.046593701131641865,-0.22365071527995167
1733902697210194200,35.61919409179688,-0.18701076434254646,0.12347118910700082,-0.13284217097721993
1733902697220220200,35.62922021484375,-0.17500702281594274,0.16786679567247628,-0.008191160968504845
1733902697230247000,35.63924682617188,-0.08325637535750866,0.20082769277095794,0.09244969910588115
1733902697240274000,35.64927392578125,0.02503039636015892,0.21313830828964708,0.14329681989829987
1733902697250301000,35.659301025390626,0.1403793615490198,0.18035130645334718,0.13781995938979089
1733902697260328000,35.66932788085938,0.18673136287927627,0.11457914986014366,0.10222023822031914
1733902697270354000,35.67935400390625,0.15216390736699104,0.06257540637850761,0.014929748508520423
1733902697280381700,35.689381591796874,0.04021861314177513,0.04840104281455278,-0.08261763906255364
1733902697290408700,35.69940869140625,-0.08327800266742706,0.018260463833808898,-0.17195921608526257
1733902697300435500,35.709435546875,-0.16960896316468715,0.03644698564857244,-0.2669579786194488
1733902697310462700,35.719462646484374,-0.19800795917510985,0.12685644763112067,-0.24194625042714177
1733902697320488700,35.72948876953125,-0.22095278143286703,0.20674889951348305,-0.11219188939742743
1733902697330515700,35.739515625,-0.20397242053747175,0.1083881862655282,-0.03507376106660813
1733902697340542500,35.74954248046875,-0.1606494116395712,0.01310468850582838,0.027227650676108894
1733902697350569700,35.75956982421875,-0.08297522032856941,-0.030549159781634805,0.1132968184320256
1733902697360596700,35.7695966796875,-0.026024083572626113,-0.09759674313813448,0.1495314765041694
1733902697370622700,35.77962280273437,-0.004700140514969826,-0.11355915916264056,0.13443890211675316
1733902697380649500,35.7896494140625,-0.028650924944877622,-0.03990823201835155,0.07502546690050513
1733902697390676700,35.7996767578125,-0.13466215294599532,0.06714286042451859,0.03920552710909396
1733902697400703700,35.80970385742187,-0.13890811995267868,0.15797376268953084,-0.02245784245841205
1733902697410730500,35.81973046875,-0.10172492898404598,0.23064298532009123,-0.09754691264703869
1733902697420756500,35.82975659179687,-0.05810439844429493,0.06184738436490297,-0.21365904422812163
1733902697430783500,35.839783447265624,-0.07196165888309479,0.09885521876662968,-0.1893578754579648
1733902697440810800,35.84981079101563,-0.07408464238643646,0.18845014949589967,-0.05110507760886102
1733902697450837500,35.85983740234375,0.0017640870630741118,0.18206424785107372,-0.020250833933427928
1733902697460864500,35.869864501953124,0.09152619105279446,0.20520634624660014,-0.03524053246825933
1733902697470890500,35.87989038085937,0.1205289981752634,0.24217823255211113,-0.007398293557763099
1733902697480917800,35.889917724609376,0.05394844780862331,0.17950667232275008,-0.015551095277257263
1733902697490944500,35.89994458007813,0.03706570206880569,0.14783084659874438,-0.0219646886466071
1733902697500971500,35.90997143554687,-0.03400280736684799,0.13736790477335453,-0.0632970351839438
1733902697510998800,35.919998779296876,-0.13726093726754188,0.13389379892200232,-0.0268854131096974
1733902697521024800,35.93002465820312,-0.1345499247431755,0.1121674125432968,-0.007994652015715836
1733902697531051500,35.940051513671875,-0.03861819220781326,0.10820669221878051,-0.023096907546930015
1733902697541078500,35.95007861328125,0.005322656327486038,0.09289923297166824,-0.0665232672214508
1733902697551105800,35.96010571289062,-0.06558101793527603,0.09687398182153702,-0.07327741765677928
1733902697561132500,35.970132568359375,-0.1655932977825403,0.09808014274090528,-0.07799745018230751
1733902697571158500,35.98015844726562,-0.2013525934278965,0.1398974232509732,-0.062359078480396415
1733902697581185500,35.990185546875,-0.20381693771481513,0.18503128096312282,-0.0674522186346352
1733902697591212500,36.00021264648438,-0.20140753848552703,0.25820494598448274,-0.04188819032181054
1733902697601239800,36.01023974609375,-0.16926818690299986,0.32946780894845723,-0.02574559542480856
1733902697611266600,36.0202666015625,-0.0827355663537979,0.34935412041842934,-0.00468605719069019
1733902697621292500,36.03029248046875,0.008870704197883605,0.32796938708424567,0.031289475021231916
1733902697631319600,36.040319580078126,-0.04715454988479614,0.263215759883821,0.05110286738546565
1733902697641346800,36.05034692382812,-0.18450199639201162,0.16754413958936928,0.07351002083625643
1733902697651373600,36.06037353515625,-0.23597031782269476,0.052929626154899594,0.008835121427848935
1733902697661400600,36.070400634765626,-0.224317289429903,0.006705342857539653,-0.1119503174602054
1733902697671426600,36.080426513671874,-0.2202139457643032,-0.013543079923093318,-0.20238263059537856
1733902697681453800,36.09045385742188,-0.1975882724583149,-0.023785364735126494,-0.20222197840726003
1733902697691480600,36.10048046875,-0.02542377959191799,0.022239888858795166,-0.20666107509955764
1733902697701507600,36.110507568359374,0.19605682510733602,0.10340513715595007,-0.21063290133997797
1733902697711534800,36.12053491210938,0.3217027279049158,0.1880810239225626,-0.19001113346861676
1733902697721560800,36.130560791015625,0.34309681358933447,0.2221960594922304,-0.12727474610842765
1733902697731587600,36.14058764648438,0.3129804922670126,0.23828443998396395,-0.08740149407191201
1733902697741614600,36.15061450195312,0.27692659758925436,0.23276070812642574,-0.09500729290051385
1733902697751641600,36.1606416015625,0.3267664410352707,0.20406711308360098,-0.1024285472087562
1733902697761668600,36.17066870117188,0.39968320868611334,0.18674656044840812,-0.09473307906901464
1733902697771694600,36.180694580078125,0.4324959294855594,0.17428455376029015,-0.12684620023174212
1733902697781721600,36.1907216796875,0.5035036486446857,0.12665654114484787,-0.13846569168111308
1733902697791748600,36.20074853515625,0.5508405693590641,0.11855039157867431,-0.14517673362707717
1733902697801775600,36.210775634765625,0.4210919074177742,0.10911445471346377,-0.09701691568987443
1733902697811802600,36.220802734375,0.019443536138534546,0.11536065562665462,-0.08345679330043494
1733902697821829600,36.23082958984375,-0.4620511097937822,0.11589490863382816,-0.11132469637515023
1733902697831855600,36.24085571289063,-0.7204314123451709,0.08745733417868613,-0.13351577765615658
1733902697841882600,36.25088256835937,-0.7384428698539733,0.06986614790856838,-0.14778976566968485
1733902697851909600,36.26090966796875,-0.6584668313413858,0.08251958551555871,-0.17469691568715498
1733902697861936600,36.2709365234375,-0.6432365289837122,0.10366875652819871,-0.1493449226898141
1733902697871963600,36.28096362304687,-0.7613070280909537,0.12262275558412074,-0.07455183977307751
1733902697881989600,36.29098974609375,-0.8861106348454951,0.07478460734933615,0.056770884818211194
1733902697892016600,36.3010166015625,-0.8776596173644066,0.0346165553510189,0.19626886042281985
1733902697902043600,36.311043701171876,-0.581046322530508,0.0912538038522005,0.3539051347862929
1733902697912070400,36.3210703125,-0.28046880024075505,0.16405015999376774,0.4289942780401557
1733902697922097700,36.33109765625,-0.13260054424107073,0.23379385056644678,0.44316867813672867
1733902697932123600,36.34112353515625,-0.03542611816823482,0.28553981989473104,0.41037283540684727
1733902697942150700,36.351150634765624,0.06709025345444679,0.2974488688752055,0.3617293986711651
1733902697952177400,36.361177490234375,0.16093056666851044,0.296539645075798,0.25970957839377223
1733902697962204700,36.37120458984375,0.2789654099404812,0.2791211850240826,0.11643604803951456
1733902697972231700,36.381231689453124,0.32854046497046946,0.24052315882146358,-0.03862516993787139
1733902697982257700,36.39125756835937,0.15082885937094687,0.22463643838167188,-0.251119371637702
1733902697992284400,36.40128442382812,0.03426291960775852,0.16792846273183823,-0.3325898864917457
1733902698002311700,36.41131176757813,0.006333294674754142,0.12358955478966235,-0.3618065555606037
1733902698012338700,36.42133862304688,-0.023826281267404555,0.07668605705648661,-0.34730792847834524
1733902698022365700,36.43136572265625,0.054416649842262264,0.00008504793494939804,-0.33425771010611205
1733902698032391400,36.44139135742188,0.0720960989177227,-0.08836042049825191,-0.3430482982724905
1733902698042418700,36.451418701171875,0.09439794709682464,-0.1752072215631604,-0.38500462192706764
1733902698052445700,36.46144580078125,0.05463876816034317,-0.20450228963047265,-0.42443478810489177
1733902698062472700,36.47147265625,-0.09164835612773894,-0.16601269223839044,-0.3961596376698464
1733902698072499500,36.48149951171875,-0.275026901447773,-0.09979717579185962,-0.32495157363303
1733902698082525700,36.49152563476562,-0.37744448887109755,-0.00824877290725708,-0.23498119718749075
1733902698092552700,36.501552734375,-0.43631168838143347,0.048992286705970764,-0.15822335353642702
1733902698102579700,36.51157983398438,-0.518447535276413,0.0959030909627676,-0.10925826536463573
1733902698112606500,36.5216064453125,-0.4520096082508564,0.12186375391036271,-0.03606951237199828
1733902698122633700,36.5316337890625,-0.4887444709300995,0.12253829217106103,0.053676973923481995
1733902698132659700,36.54165966796875,-0.494053098732233,0.1236532676756382,0.17220517193665727
1733902698142686700,36.551686767578126,-0.42827685048580166,0.12980886769592762,0.28207123046871274
1733902698152713500,36.56171337890625,-0.2500514501452446,0.14381664252132176,0.33788963686767964
1733902698162740700,36.57174072265625,-0.1689963842242956,0.1473787189170718,0.33722635065335776
1733902698172767700,36.581767822265626,-0.25362521697878837,0.16732991231679917,0.252534426067397
1733902698182793700,36.59179370117187,-0.31637597992420197,0.14753157139122486,0.16496853521401061
1733902698192820500,36.601820556640625,-0.3542892387330532,0.1290931206420064,0.11383994886539876
1733902698202847700,36.61184765625,-0.4221206659436226,0.11568009683936833,0.0748262180013582
1733902698212874800,36.62187475585937,-0.4886988782227039,0.07086714164465666,0.11124852586640044
1733902698222901500,36.631901611328125,-0.512855998879671,0.009872866977751254,0.19487492184638977
1733902698232927500,36.64192749023437,-0.45892917838096614,-0.07731003417372703,0.2757269029432908
1733902698242954800,36.65195483398438,-0.2286322300195694,-0.1563943845435977,0.33643764796108006
1733902698252981800,36.66198168945313,0.06877718362808227,-0.16665069788098336,0.29582819060450416
1733902698263008500,36.67200854492187,0.3208955031752586,-0.101109427434206,0.15445212790202348
1733902698273035500,36.682035400390625,0.4382172297418117,0.00014408464580774306,-0.0552435108541511
1733902698283061800,36.692061767578124,0.30742110457420346,0.1051794533520937,-0.21859929537558928
1733902698293088800,36.7020888671875,0.09993687652349471,0.1601958226531744,-0.29680498148109763
1733902698303115500,36.71211547851563,-0.1253863750785589,0.1887654990553856,-0.2815571252004243
1733902698313142500,36.722142578125,-0.29530513484477994,0.16263269441127776,-0.20625844911541788
1733902698323169800,36.732169677734376,-0.3305412833988666,0.11565057848393917,-0.14726178713967092
1733902698333195800,36.74219580078125,-0.09326514367461204,0.05836567972898483,-0.0969806844658684
1733902698343222500,36.752222412109376,0.21028642598986624,0.0208420047596097,-0.14761473789634183
1733902698353249500,36.76224951171875,0.4338496821820736,0.047179099804162974,-0.3096397304717451
1733902698363276800,36.77227685546875,0.5005401226639747,0.07182838789224624,-0.43773828711844975
1733902698373303600,36.782303466796876,0.412175610512495,0.09174217189103365,-0.4832225291708484
1733902698383329500,36.79232958984375,0.2911690579533577,0.08472615564912557,-0.4552175739793107
1733902698393356500,36.8023564453125,0.14481296008229255,0.07691343607157468,-0.4158284339316189
1733902698403383800,36.8123837890625,0.023752631509304047,0.07273761169165373,-0.39670013775471596
1733902698413410600,36.82241064453125,-0.08080898220539093,0.059384209121763704,-0.40186073538828637
1733902698423437600,36.8324375,-0.13236615096330642,0.03250263193696737,-0.40844245186615735
1733902698433463600,36.842463623046875,-0.09883855989277363,0.016262568014860153,-0.36959319084882736
1733902698443490800,36.85249072265625,-0.01854629503786564,0.031045126605033873,-0.3052228456112556
1733902698453517600,36.862517578125,0.018940262791514395,0.08038812644481659,-0.2701505823819898
1733902698463544600,36.872544677734375,0.014651625686883926,0.12365122184902429,-0.2728513840395957
1733902698473571600,36.88257153320313,-0.03996142351031303,0.1595560634449124,-0.31074447684325274
1733902698483597600,36.89259765625,-0.1511585297167301,0.17938363046497105,-0.35268604132011533
1733902698493624600,36.90262451171875,-0.29342297435998915,0.16151888795047997,-0.36339002535976467
1733902698503651600,36.91265161132812,-0.4522819954514503,0.14980740736871956,-0.3356259297193959
1733902698513678600,36.9226787109375,-0.550581626161933,0.12466770541518926,-0.25327550849197433
1733902698523705600,36.93270556640625,-0.5658826556682587,0.12511106526851654,-0.14979985424992628
1733902698533732600,36.94273266601562,-0.24441665912866592,0.11752338661849498,-0.028857726962817833
1733902698543758600,36.95275854492188,0.2039800193220377,0.14214286409020424,0.007819359380891545
1733902698553785600,36.96278564453125,0.3137935622155666,0.19349895731806754,-0.1191815290890634
1733902698563812600,36.9728125,0.1887427027016878,0.2027718125760555,-0.26649456235878166
1733902698573839600,36.98283959960938,0.030349545556306836,0.153087159691751,-0.3635883974760771
1733902698583866600,36.99286669921875,-0.1382405959546566,0.08923135811388493,-0.37626514289341867
1733902698593892600,37.002892578125,-0.307623349148035,0.03555237489640713,-0.30791316240746525
1733902698603920000,37.012919921875,-0.47027241017222404,-0.005796119058132172,-0.23918705137949436
1733902698613946600,37.022946533203125,-0.5843412724226713,-0.02073766760230064,-0.14483002081494778
1733902698623973600,37.0329736328125,-0.5296610032081603,-0.03843874398767948,-0.0762209237627685
1733902698634000600,37.04300073242187,-0.16539163773059845,-0.042832010510563845,0.043329539103386924
1733902698644026600,37.05302661132812,0.4283505002439022,-0.02260784538835287,0.1795932546276599
1733902698654053600,37.0630537109375,0.820369457912445,0.08051525995582341,0.21061478116139767
1733902698664080600,37.07308056640625,0.7645324198782444,0.19687574027478694,0.09351973949018866
1733902698674107600,37.08310766601563,0.4221685967385769,0.282505566765368,-0.10674229135517961
1733902698684134700,37.093134765625,-0.006812018102407455,0.29983839436024423,-0.2580956221248023
1733902698694160600,37.10316064453125,-0.31287001762986183,0.322989260584116,-0.35146913981102407
1733902698704187600,37.113187744140625,-0.5002034380555153,0.34626199962198734,-0.37798330845553424
1733902698714214700,37.123214599609376,-0.47302550827264783,0.3571680090397596,-0.29015136881079523
1733902698724241700,37.13324169921875,-0.2708428937613964,0.35934739890545603,-0.13320353336920962
1733902698734268700,37.1432685546875,0.1441267313838005,0.3197524706199765,0.04980177645795047
1733902698744294700,37.15329467773437,0.49261049870848655,0.28041356292217967,0.1934450899726711
1733902698754321700,37.16332177734375,0.4514776933312416,0.2177466788679361,0.19357149283131583
1733902698764348700,37.1733486328125,0.2062625773012638,0.15117022015452383,0.08071639028480276
1733902698774375700,37.18337573242187,-0.08883855940401554,0.11635521962195634,-0.05903780683688819
1733902698784402700,37.193402587890624,-0.27745851250886916,0.1002075101584196,-0.1284704404327087
1733902698794428700,37.2034287109375,-0.3397451650738716,0.14525018245577812,-0.19235176004432142
1733902698804455400,37.213455322265624,-0.32119477838277816,0.17996552200615404,-0.20243890909356996
1733902698814482700,37.22348266601563,-0.24234335998594758,0.2165171370729804,-0.19562888201884923
1733902698824509700,37.233509765625,-0.19296996500790117,0.240119546456635,-0.1725347326845862
1733902698834536400,37.243536376953124,-0.18933540789783,0.2442249359488487,-0.14814933796338736
1733902698844562400,37.2535625,-0.23278233543634413,0.23611790959984064,-0.12454234373616054
1733902698854589700,37.263589599609375,-0.31783845369219776,0.22140023293942213,-0.07472432852946222
1733902698864616700,37.27361669921875,-0.3951888198763132,0.1677677192121744,-0.01610328579992056
1733902698874643500,37.2836435546875,-0.39629648885726926,-0.13554624230414627,-0.0739364295547828
1733902698884670700,37.293670654296875,-0.35948505381047724,-0.2271431605055928,-0.1412991250087507
1733902698894696700,37.30369677734375,-0.26609891410470005,-0.05316781882494688,0.038614429348148405
1733902698904723700,37.3137236328125,-0.1760989097058773,0.0015355390042066574,0.11443817048687487
1733902698914750500,37.32375048828125,-0.08566577458679675,0.07082739415615796,0.1554831149175763
1733902698924777500,37.33377758789062,0.00846270791888237,0.16506313642859458,0.10066124527528882
1733902698934804700,37.3438046875,0.10679799446463584,0.2711757789775729,0.03565108603052795
1733902698944830700,37.353830810546874,0.34201778618097306,0.3965925491943955,-0.00032630934491753577
1733902698954857500,37.363857421875,0.5627274065077305,0.5150289590045809,0.009653744334354996
1733902698964884500,37.37388452148438,0.5769488240838051,0.534189878809452,0.012965974154882133
1733902698974911700,37.383911865234374,0.36915596847534177,0.48425037438124413,-0.037263781924173234
1733902698984938500,37.3939384765625,-0.029842180556058882,0.3572355213180184,-0.07773344721756875
1733902698994964500,37.403964599609374,-0.2744014630258083,0.21511545358151196,-0.14586060597170145
1733902699004991500,37.413991455078126,-0.2755003641784191,0.11723141793459653,-0.22353549140244722
1733902699015018800,37.42401879882812,-0.15982114412188528,0.08759528134465216,-0.2652112445499748
1733902699025045800,37.434045654296874,-0.1523532924592495,0.12644523648172618,-0.22516557682231067
1733902699035072500,37.444072509765626,-0.2739098801165819,0.1824906565696001,-0.15268515476211905
1733902699045098500,37.45409838867187,-0.3351017231822014,0.2143158276364207,-0.06216861567590385
1733902699055125800,37.46412573242188,-0.32799510604739185,0.23754268170595166,-0.012107969086058438
1733902699065152800,37.47415283203125,-0.2901882302224636,0.2465951722115278,0.05007474818043411
1733902699075179500,37.48417944335937,-0.28615035300850866,0.27926497740894557,0.08011372995022684
1733902699085206500,37.49420654296875,-0.26371757192611694,0.2947588991388678,0.0896659501388669
1733902699095232800,37.504232666015625,-0.21255553996562956,0.2882067010164261,0.09681896369867027
1733902699105259800,37.514259765625,-0.14726152227818964,0.2723179347500205,0.09854439925178884
1733902699115286500,37.52428662109375,-0.13437690626382828,0.22992022400349377,0.04971818982772529
1733902699125313500,37.5343134765625,-0.16171324147880076,0.18783610925078392,0.028686946106329558
1733902699135340800,37.5443408203125,-0.17220248678922653,0.11117781698405742,-0.004646072240173817
1733902699145367600,37.55436743164063,-0.1465221020877361,0.06564677664786576,-0.048055955703929065
1733902699155393500,37.5643935546875,-0.14980477702021597,0.022753683599829672,-0.09104710229896008
1733902699165420500,37.57442065429687,-0.1560690981119871,-0.01519347747862339,-0.13227595192920416
1733902699175447800,37.58444775390625,-0.15106851334571839,-0.037871173232793806,-0.17792660005707292
1733902699185474600,37.594474609375,-0.1488110898077488,-0.03820873462408781,-0.2033192903909832
1733902699195501600,37.60450146484375,-0.11846037520766257,-0.03294306918084621,-0.200938277005963
1733902699205527600,37.61452758789063,-0.08176058384180068,-0.023336159662902353,-0.1885440748570487
1733902699215554800,37.624554931640624,-0.04720131163597106,-0.037001404660940165,-0.18523823824469
1733902699225581600,37.63458154296875,0.07550035440325736,-0.06372136154323815,-0.20116554642319678
1733902699235608600,37.64460864257813,0.16108020427227018,-0.09574790040105581,-0.2013175586471334
1733902699245635600,37.65463549804687,0.16707389172911644,-0.15060031131207943,-0.19249752519056199
1733902699255661800,37.66466186523437,0.1609843426823616,-0.1835796208500862,-0.15278087022155523
1733902699265688600,37.6746884765625,0.13417816882133482,-0.17268179473876952,-0.1097107401061803
1733902699275715600,37.684715576171875,0.10658756658434868,-0.13275310445427893,-0.03035159138292074
1733902699285742300,37.69474243164063,0.039563948625326154,-0.10785656360685825,0.033390593752637504
1733902699295769000,37.70476904296875,-0.010984919872879981,-0.09670271690785884,0.0729197267929092
1733902699305795000,37.71479516601563,0.0505634815454483,-0.14968904168605804,0.11951514495760202
1733902699315822000,37.72482202148438,0.2373579727888107,-0.21162527337819337,0.09840732886865734
1733902699325849000,37.73484912109375,0.3214098824381828,-0.23685440718084572,0.035253976471722126
1733902699335876400,37.74487646484375,0.2925175499528646,-0.21441958027184008,-0.0028991189749911425
1733902699345903000,37.75490307617188,0.2264619002431631,-0.19343553669303654,-0.01885645696558058
1733902699355929000,37.76492919921875,0.1940577602446079,-0.16502221989631652,-0.025074637360684573
1733902699365956000,37.7749560546875,0.12143325353860854,-0.1620510951310396,-0.039118798673711715
1733902699375983400,37.7849833984375,-0.0000017535656690597534,-0.16096856059134004,-0.03501541847549379
1733902699386010000,37.795010009765626,-0.08007482271194458,-0.17006518249958752,-0.023866942071355878
1733902699396037000,37.805037109375,-0.1389116270840168,-0.16374036339223383,-0.03101823859810829
1733902699406063000,37.81506298828125,-0.12411854709982871,-0.18600947834551335,-0.0237435348873958
1733902699416090400,37.82509033203125,-0.08654781811833381,-0.17596914584636686,-0.014217398988083003
1733902699426117000,37.8351171875,-0.08634557354450226,-0.11538052937090396,-0.03946940220966935
1733902699436144000,37.84514404296875,-0.20426994217932223,-0.028198212741315364,-0.030248898193426427
1733902699446171400,37.85517138671875,-0.35400749918222424,0.048071956990659234,0.007932327369228005
1733902699456197400,37.865197265625,-0.4793453589439392,0.1060462993144989,0.05142455535419285
1733902699466224000,37.87522412109375,-0.545840569114685,0.17826105617582796,0.0785249629214406
1733902699476251100,37.885251220703125,-0.5246043043404818,0.222677997790277,0.07290715957228094
1733902699486278100,37.89527807617188,-0.49742695907950396,0.27386457967013117,0.04482639919817447
1733902699496305200,37.90530517578125,-0.48114510184228415,0.30043051503449675,0.029305991320125756
1733902699506331100,37.9153310546875,-0.4651233568459749,0.3089484602719545,0.06069839699286967
1733902699516358100,37.92535815429687,-0.43237201084494586,0.3089516751423478,0.09584726912230253
1733902699526385200,37.93538525390625,-0.3607318390011787,0.3017173399746418,0.10939867848232387
1733902699536412200,37.945412109375,-0.28150691111683845,0.28435645532906056,0.058365058674477034
1733902699546439200,37.95543920898437,-0.2531535078138113,0.27518150748759507,0.020404782386124132
1733902699556465200,37.96546508789063,-0.218819276535511,0.2517062316149473,0.01962970636039972
1733902699566492200,37.9754921875,-0.22837971656322478,0.21542934183627366,0.02647138894870877
1733902699576519200,37.985519287109376,-0.25095512098670003,0.20460691904872655,0.0699155400082469
1733902699586546200,37.99554614257813,-0.2241314114689827,0.20739654976725577,0.13872728349305688
1733902699596573200,38.0055732421875,-0.1589490374624729,0.21510522444844243,0.16288644997663795
1733902699606599200,38.01559912109375,-0.09839373873472212,0.20204963578134774,0.1747203878942877
1733902699616626200,38.025626220703124,-0.012267945420742034,0.19131313771158456,0.17050499868895858
1733902699626653200,38.035653076171876,0.04515373145639896,0.16583324401825666,0.16996058961395175
1733902699636680200,38.04568017578125,0.06927811888754368,0.12790215729176999,0.1772364258358255
1733902699646707000,38.05570703125,0.08673720321059226,0.09805179342925548,0.1714077562149614
1733902699656733200,38.06573315429687,0.11823182714879513,0.06865326498746871,0.17657463745884597
1733902699666760200,38.07576025390625,0.13387714004814624,0.05784311715960502,0.12241988995578139
1733902699676787200,38.085787109375,0.0748936206817627,0.018800269798934458,0.05306307980883866
1733902699686814000,38.09581396484375,0.014349427869915962,-0.03636076866984367,-0.012395663453638553
1733902699696841200,38.10584130859375,-0.024118542212247848,-0.07873071462661027,-0.053158831800892946
1733902699706867200,38.1158671875,-0.07954407683610916,-0.11722528045475482,-0.08288819963224232
1733902699716894200,38.125894287109375,-0.0763876586318016,-0.12978461003750563,-0.04291450116224587
1733902699726921000,38.1359208984375,0.0012450316250324249,-0.1278799454599619,0.005507182581536471
1733902699736948200,38.1459482421875,0.038766660767793656,-0.1201779927805066,0.01895224549025297
1733902699746975200,38.155975341796875,0.000026888006925582884,-0.12123831548839807,-0.00993453403711319
1733902699757001200,38.16600122070312,-0.0396925434410572,-0.10775573358088732,-0.05488992990981787
1733902699767028000,38.176028076171875,-0.0520797313272953,-0.09446282902657985,-0.0836934516005218
1733902699777055200,38.18605517578125,-0.1002770682632923,-0.09536357725858688,-0.12517010197937486
1733902699787082200,38.19608227539062,-0.16354337951540945,-0.07993687554597854,-0.14548066674340515
1733902699797109200,38.206109130859375,-0.19592004698514937,-0.06268734232038259,-0.12651954382695257
1733902699807135200,38.21613525390625,-0.14849544798731804,-0.03723024498075247,-0.0903046133685857
1733902699817162200,38.226162353515626,-0.07510521760582924,-0.0009597849428653717,-0.06859079421050847
1733902699827189200,38.23618920898438,-0.05148351899981499,0.03941577232629061,-0.1041662211889401
1733902699837216300,38.24621630859375,-0.07953589352965354,0.08759498908370733,-0.15922131506521253
1733902699847243000,38.256242919921874,-0.06964812124371528,0.09399725734144448,-0.18169044610261917
1733902699857269000,38.26626904296875,-0.043052375262975694,0.07789017214924096,-0.21941178080225363
1733902699867296300,38.276296142578126,-0.06587503244578838,0.0753135996595025,-0.24092045104335993
1733902699877323300,38.2863232421875,-0.07807926498055458,0.05346066429167986,-0.2655659214728512
1733902699887350000,38.29635009765625,-0.031138650107383727,0.06503069057613611,-0.2657100609175861
1733902699897377300,38.306377197265626,-0.0750713153362274,0.0784136115014553,-0.3212728851202875
1733902699907403300,38.3164033203125,-0.2116477774709463,0.08120353448092937,-0.39785504341088235
1733902699917430300,38.32643017578125,-0.23897242224812507,0.06786708304584026,-0.41096871894076464
1733902699927457000,38.33645703125,-0.1508148308455944,0.06213672270029783,-0.3825989124922082
1733902699937484300,38.346484375,-0.13977204330563545,0.06342880833745003,-0.3805719001766294
1733902699947511300,38.35651123046875,-0.17121113766431809,0.023363924452662468,-0.36298341732025147
1733902699957537300,38.366537353515625,-0.15159809017777442,-0.007139058099687099,-0.34310002845972776
1733902699967564000,38.37656396484375,-0.09441548275351523,-0.00944470469355583,-0.32628428354151545
1733902699977591300,38.38659130859375,-0.029607202756404875,0.019843056850135325,-0.271015693045035
1733902699987618300,38.396618408203125,0.014443535894155502,0.053498950475454325,-0.1956904212140478
1733902699997645000,38.40664501953125,-0.12767185566723346,0.07514262700676917,-0.13565443365266547
1733902700007671000,38.416671142578124,-0.34957331612706183,0.07280044779479503,-0.0802228163478896
1733902700017698000,38.426697998046876,-0.41398178315162654,0.03885580035597086,0.03450063735377043
1733902700027725300,38.43672534179687,-0.34426819545626636,-0.015304244376718998,0.16851026294147595
1733902700037752000,38.446751953125,-0.18390344597697256,-0.05022416658848524,0.28356430030437185
1733902700047779000,38.456779052734376,0.009106851041316985,-0.08127718423902988,0.3671139047211036
1733902700057805000,38.46680517578125,0.1025952820777893,-0.11924188097417354,0.3667763433298096
1733902700067832300,38.47683227539063,0.13800211102366447,-0.15182576145380736,0.33788203808311373
1733902700077859000,38.48685913085937,0.13181845395267008,-0.16461685396581888,0.24095866416189818
1733902700087886000,38.496885986328124,0.08288461943566798,-0.1629483362317085,0.106695292141987
1733902700097913300,38.50691333007813,-0.002000233906507492,-0.15075900900512934,0.00047355406219139694
1733902700107939300,38.516939208984375,-0.05432897155880928,-0.09561258358359337,-0.09585317827328108
1733902700117966000,38.52696606445313,-0.027985154512524604,0.0223211374014616,-0.10718020784840919
1733902700127993000,38.5369931640625,0.03161795805692673,0.1360945238366723,-0.10676693260609171
1733902700138020400,38.547020263671875,0.08197218076586722,0.2644371183723211,-0.09298064591111614
1733902700148047000,38.55704711914063,0.17958499825596808,0.3668134970024228,-0.08098711525127292
1733902700158073000,38.567072998046875,0.19373861129283904,0.4374778095513582,-0.08948193534146993
1733902700168100000,38.57710009765625,0.13345569976568222,0.4547299731254577,-0.11722491512857376
1733902700178127000,38.58712719726562,0.06256488498449325,0.4407265822142362,-0.13001838226076215
1733902700188154000,38.597154052734375,0.03193944509625435,0.40412382148206233,-0.09695489243748598
1733902700198181000,38.60718115234375,0.014220248532295227,0.3710138713017106,-0.0699888061738573
1733902700208207000,38.61720703125,-0.024791326907277107,0.3585395896539092,-0.08803229365558363
1733902700218234000,38.62723413085938,-0.011985036826133727,0.38754327355921264,-0.09351690821228548
1733902700228261000,38.63726123046875,-0.04156301348805427,0.40230888101458545,-0.1409642304985784
1733902700238288100,38.6472880859375,-0.145393974840641,0.4043073613554239,-0.18580993718542158
1733902700248315100,38.65731518554688,-0.2117570830643177,0.4032853248313069,-0.18121769575802607
1733902700258342100,38.66734204101562,-0.2562830380111933,0.39675329271405935,-0.16557358843507244
1733902700268368100,38.6773681640625,-0.30969372568130493,0.38410686936974525,-0.17575258048623799
1733902700278396000,38.68739599609375,-0.27295769395828245,0.35629940951168537,-0.16008684585336594
1733902700288423200,38.69742309570312,-0.19814239920973778,0.34085400309860703,-0.1996855552648194
1733902700298450000,38.707449951171874,-0.17645371449291705,0.3432420672789216,-0.26895002921950073
1733902700308476000,38.71747583007812,-0.20942250263690948,0.30730420019626614,-0.3306279753016308
1733902700318503000,38.7275029296875,-0.15424246720671653,0.27059125708788634,-0.3311675620710477
1733902700328530200,38.7375302734375,-0.0651332741677761,0.23624650441557168,-0.30942323817685247
1733902700338557000,38.74755688476562,-0.04785013093352317,0.20759294912219045,-0.304179126978293
1733902700348584000,38.757583984375,-0.08451835811734199,0.20701661053895948,-0.317184885154292
1733902700358610000,38.76760986328125,-0.1543266383588314,0.21054156979471444,-0.3154930596098304
1733902700368637200,38.77763720703125,-0.18487725944519043,0.20104045873880386,-0.3076345281291753
1733902700378664000,38.78766381835938,-0.1823462796628475,0.17174948232471943,-0.24958494687834754
1733902700388691000,38.79769091796875,-0.1726478924691677,0.13278291507065296,-0.14321745278546585
1733902700398718200,38.80771826171875,-0.16083821220993993,0.08269611112624406,-0.0396628926548874
1733902700408744200,38.817744140625,-0.08221475735008717,0.03926555020064115,0.0405860399483703
1733902700418771000,38.82777099609375,0.02545066759884357,0.018995207849144935,0.08444210541020147
1733902700428798000,38.8377978515625,0.1689443617761135,0.0027267946153879162,0.091169934094185
1733902700438825000,38.84782495117187,0.22466800256371497,0.015592705929279327,0.03705165756043279
1733902700448852000,38.85785205078125,0.1960977416396141,0.031148294718563556,-0.01695150355202495
1733902700458879000,38.86787890625,0.12111527363061904,0.024176702140271664,-0.04311754945367575
1733902700468905000,38.877905029296876,0.03804068458080292,0.025760756461322306,-0.07106239935527556
1733902700478932000,38.88793188476563,-0.03152501907646656,0.02990501665920019,-0.07035316880710889
1733902700488959000,38.897958984375,-0.10339607706665992,0.018221300867199898,-0.053064408682822244
1733902700498986000,38.907986083984376,-0.14227730412483214,-0.04200608108043671,-0.025376211839856114
1733902700509013000,38.91801293945313,-0.17844459604918955,-0.045132980929315086,-0.057668678474728945
1733902700519039000,38.9280390625,-0.21459142970740794,-0.0631295331299305,-0.04025095820853021
1733902700529066000,38.93806591796875,-0.24703414815068245,-0.12216565946638583,0.024932877102703786
1733902700539093000,38.948093017578124,-0.25582535737156864,-0.1688154746994376,0.0711233951277798
1733902700549120000,38.9581201171875,-0.29326164631843565,-0.2051061007425189,0.11976445267670788
1733902700559147000,38.96814697265625,-0.28064883298277854,-0.21033844843804836,0.14441233425899408
1733902700569173000,38.97817309570313,-0.22790040861368177,-0.2241916172236204,0.15584721725592388
1733902700579200000,38.98819995117187,-0.16955460262894628,-0.19257132107913494,0.15739561574170366
1733902700589227000,38.99822705078125,-0.13690437891483306,-0.17451222503632305,0.1290258914915379
1733902700599254000,39.00825390625,-0.1067559088885784,-0.16178864480257032,0.10597485977979376
1733902700609281000,39.01828100585937,-0.18234978679418562,-0.1292842592999339,0.04102604336740914
1733902700619307000,39.02830712890625,-0.2562362762600183,-0.10920330204069614,-0.007171129171806387
1733902700629334000,39.038333984375,-0.24923838019669053,-0.09352437913268805,-0.052920310337282714
1733902700639361000,39.048361083984375,-0.21171499748826025,-0.06033844110667705,-0.0963856229158584
1733902700649388000,39.05838793945313,-0.21515783141851424,-0.0262184371009469,-0.16088343959115445
1733902700659415000,39.0684150390625,-0.18204466636776923,0.004764730183780193,-0.18231599412243812
1733902700669441000,39.07844091796875,-0.1335737731873989,0.037984570479393,-0.18690759622901676
1733902700679468000,39.08846801757812,-0.10215922874808311,0.07357406251579522,-0.1965188896611333
1733902700689495000,39.0984951171875,-0.06652092913389206,0.11999123803675174,-0.19745036182496695
1733902700699522000,39.10852197265625,-0.05503682756721973,0.1496083776652813,-0.18401673362571744
1733902700709549000,39.11854907226562,-4.558796107780933,0.2306716268926859,0.5404590952720493
1733902700719575000,39.12857495117188,-0.30882161902189253,0.37669133241623637,-0.3558196631707251
1733902700729602000,39.13860205078125,3.595494681227207,0.12684943336844443,-1.29236050857082
1733902700739629000,39.148629150390626,0.3979319811046123,0.23978578445762394,-0.5066803059194237
1733902700749656000,39.15865600585938,-4.117461038279533,2.015305511172116,5.073698517796397
1733902700759682800,39.16868286132812,-2.0663860023289917,3.384455683304369,5.21235704690218
1733902700769709000,39.178708984375,1.5144196438103914,1.1842173831075429,0.749973879302293
1733902700779736000,39.188736083984374,4.198580401608347,-0.6743997290104627,-2.8520257999047636
1733902700789763000,39.19876318359375,3.584625496688485,-0.8356324934959412,-3.669768708705902
1733902700799789800,39.20878979492188,1.5901204892218113,-0.4727572127252817,-3.747058576874435
1733902700809817000,39.218817138671874,0.038276831424236296,-0.2997597761660814,-3.266427854295075
1733902700819843000,39.22884301757812,-0.014422493106126784,-0.9308405879318714,-2.086630041195452
1733902700829870000,39.2388701171875,0.172216515314579,-0.9088029436469077,-1.1497658821251242
1733902700839896800,39.248896728515625,-0.26427871294021604,0.20323855330497026,0.16851369700757785
1733902700849924000,39.25892407226563,-0.5728057329297065,1.2525073677405714,0.7773085340168326
1733902700859951000,39.268951171875,-0.6760112558603286,1.251519525747001,-0.029451601202739403
1733902700869977000,39.27897705078125,-1.2862579539120196,0.3094467651829123,-0.11924142431644721
1733902700880003800,39.28900390625,-1.5010229866206646,-0.3223758048608899,1.2925402490518987
1733902700890031000,39.299031005859376,-1.3697931462109088,-0.23623481397777796,1.9906753661759196
1733902700900058000,39.30905810546875,-0.5271837994396686,0.25898119105398654,1.308013420254737
1733902700910084900,39.3190849609375,0.40258477534651754,0.4144841797158122,0.46036830780599264
1733902700920110800,39.32911083984375,0.5818623150885105,0.4283285806730389,-0.03904465572526678
1733902700930138000,39.33913818359375,-0.17415712798833846,0.33859190338552,-0.3791642253357917
1733902700940165000,39.3491650390625,-0.8403367256641388,0.09072948771715164,-0.45025801534317433
1733902700950191900,39.35919189453125,-0.501134581425786,0.029848610296845435,0.05646324364114552
1733902700960219000,39.369218994140624,-0.631013591748476,0.23488719876110553,-0.21142918455051257
1733902700970244900,39.37924487304687,-0.31585575544238087,0.25056641393005846,-0.5350934035204351
1733902700980272000,39.389272216796876,-0.5091939692407846,0.38701252768337724,-0.8073252674221992
1733902700990299000,39.399298828125,-0.3348948024332523,0.36724253606945273,-0.9452775479547679
1733902701000326000,39.40932592773437,0.353696533536911,0.30424452036470173,-1.9732962152212856
1733902701010353200,39.419353271484376,1.0093103135347365,0.34544571480304,-1.9251248895093798
1733902701020379100,39.42937915039062,0.653462739443779,0.191409291562438,-0.5237381890304387
1733902701030406000,39.439406005859375,0.12077858902215957,-0.4403495655953884,0.6851850346580147
1733902701040433000,39.44943286132813,-0.6536661530613899,-0.226933901669085,1.8614434215851128
1733902701050460200,39.45946020507812,-0.6145248137623072,0.27058453508615493,3.5025030937969683
1733902701060487000,39.46948681640625,-0.274284558647871,1.307857791301608,2.0606709856830534
1733902701070513000,39.47951293945312,0.3381190251767635,1.2820730694428086,-0.34143527358528225
1733902701080540000,39.489539794921875,0.8207745315819979,0.29725071595460173,-0.7305795891329646
1733902701090567200,39.49956713867188,0.7244067457169294,-0.4198503829240799,-0.4038276880796999
1733902701100594000,39.50959399414062,0.06942834101319313,-0.39992081683427094,-0.3772729682290926
1733902701110621000,39.519620849609375,-0.2397895838499069,-0.11016747089773415,-0.26171934731360524
1733902701120647000,39.52964697265625,-0.3073018621087074,0.03230798614770174,-0.2720411636352539
1733902701130674000,39.539673828125,-0.21167641904354095,0.2889695020824671,-0.35197869676835836
1733902701140701000,39.54970092773438,-0.006014145722985267,0.3567825168535113,-0.32075119933374224
1733902701150728000,39.55972802734375,0.1625263114273548,0.25489362947940825,-0.07641758797918446
1733902701160755000,39.5697548828125,0.15823299814760683,0.3974167250588536,0.10523920244900509
1733902701170781000,39.579781005859374,0.34519407812952996,0.11873363919109105,0.23563520411681382
1733902701180808200,39.58980810546875,0.2032476133942604,-0.39989568239301443,0.4165783389834687
1733902701190835000,39.5998349609375,0.025052023670077323,-0.7574234646558761,0.08005348766297102
1733902701200862000,39.609862060546874,0.05300210686922073,-0.8853466647356748,-0.2241325987790711
1733902701210889200,39.61988916015625,0.19778408729135988,-0.7778601034849881,-0.6050907035280019
1733902701220915200,39.629915283203125,0.4274304627895355,-1.178187455293536,-1.094255811022967
1733902701230942000,39.63994189453125,0.5116857860565185,-1.9053066748395562,-1.4873725008003413
1733902701240969000,39.64996899414062,0.46170799544453617,-2.1791303379774094,-1.7485219758041202
1733902701250996200,39.659996337890625,0.4288192867994308,-2.0546330206930636,-1.6132161181271076
1733902701261023000,39.67002294921875,0.43441374580562114,-2.2790721829369662,-0.8577332661449909
1733902701271049000,39.680049072265625,-0.5066740953743457,-2.4922213048815727,-0.2710092450379394
1733902701281075200,39.6900751953125,-0.2274713695466518,-2.7285823755875227,0.06727190276482142
1733902701291102500,39.7001025390625,0.6557534807294607,-3.096756639549136,0.45815603858400133
1733902701301129200,39.71012915039063,0.8546773857057094,-3.629113457712531,0.22884448453076184
1733902701311156200,39.72015625,1.0803379064381122,-3.6953316045075653,0.20733079105466604
1733902701321182200,39.73018212890625,1.6858166594356296,-3.9591771867275236,0.43809250738359984
1733902701331209200,39.740209228515624,0.8495908762216567,-5.209984472551942,0.1078535313995555
1733902701341236500,39.75023657226563,0.3727098615646362,-4.3261236624598505,-0.8585247087836265
1733902701351263200,39.76026318359375,0.9521335513293743,-4.697932191270589,-0.4518402795659378
1733902701361290200,39.770290283203124,0.6000456220328807,-4.072121428862214,-0.5662404561299831
1733902701371316200,39.78031616210937,0.8748474825531244,-3.3154964211076496,-1.9384899825170636
1733902701381343500,39.790343505859376,1.600439638662338,-3.1713857640758154,-3.0829952407002446
1733902701391370200,39.80037036132813,2.140830710199475,-0.9852433553792536,-2.0655681100748478
1733902701401397200,39.81039721679687,1.9909365013301372,-0.5586530697409063,-2.603466926404834
1733902701411424500,39.820424560546876,1.456733763039112,-0.06554112431630492,-2.4183218098036945
1733902701421450500,39.830450439453124,1.2528279779970646,-0.8670196384716778,-1.6204827481292188
1733902701431477200,39.840477294921875,0.9461515543103217,-1.2834642315402627,-0.9821509423218667
1733902701441504300,39.85050415039063,0.40935470787286754,-1.001607922463864,-0.02025178378149867
1733902701451531500,39.86053149414062,-0.06859072114527225,-0.20649348171399906,0.8202113447412848
1733902701461558300,39.870558349609375,-0.2699287015259266,-0.2993448934885673,0.8775403748989105
1733902701471584300,39.88058422851562,-0.9336158978641033,-0.311915274188295,0.9357643080696463
1733902701481611300,39.890611328125,-0.7650824549764395,1.3372396608695387,1.3625056195512413
1733902701491638300,39.90063818359375,-0.14834814847111702,2.9413173637732863,1.789607581038773
1733902701501665300,39.91066528320312,0.10247370152473449,3.095771427904069,0.39545068568289277
1733902701511692300,39.9206923828125,-0.5196481432378292,3.3334418276429174,-0.5500023649692535
1733902701521718300,39.93071826171875,-0.16912907069325447,3.5817876429140565,-0.7467319747716188
1733902701531745300,39.940745361328126,-0.17035072144269942,3.7754558193191885,0.6937146703332662
1733902701541772300,39.95077221679688,0.6507300996094941,4.455071237151325,1.9483914910674094
1733902701551799300,39.96079931640625,1.7433698537379503,5.615161602479219,2.17623812366724
1733902701561826300,39.970826416015626,2.2129016746759413,6.376029070109128,0.2846943089812994
1733902701571852300,39.980852294921874,1.527600027900934,5.5846548205345865,-0.7427472890496254
1733902701581879300,39.99087939453125,-0.9546692072868347,4.630326681770384,-0.5674807385146617
1733902701591906300,40.00090625,-2.4011978026539085,3.9228085270121693,-0.6818880389392376
1733902701601933300,40.010933349609374,-1.3099123857438564,3.089240564830601,-1.2150000593841075
1733902701611960300,40.020960205078126,-0.028962182851135727,2.6520444948300717,-1.7180495345205067
1733902701621986300,40.030986328125,1.0936854637891054,2.31080821441561,-1.5019330872029064
1733902701632013300,40.04101342773438,1.4669365926235913,1.337501818937063,-0.7550748557031154
1733902701642040300,40.05104028320312,1.18959381544888,-0.5223246689707041,0.33101065447628497
1733902701652067000,40.06106713867187,0.4190390665411949,-1.2375219800546764,0.8674427592545747
1733902701662094300,40.07109423828125,0.7871110391721129,-1.3494842254146933,0.29568156694173814
1733902701672120300,40.081120361328125,1.4996034752115606,-1.539858620971441,-0.9127215783953666
1733902701682147300,40.09114721679688,1.4092252851501106,-1.121737546057999,-2.0925147153198718
1733902701692174000,40.10117407226563,1.2871446736186742,-1.2695558254361152,-2.9717127942979333
1733902701702201300,40.111201416015625,0.6254989199802279,-1.7466180418789385,-2.3740391620934007
1733902701712228400,40.12122827148438,-0.15623685589432715,-1.3129784953162074,-2.573169403296709
1733902701722254300,40.13125439453125,-0.015988719509541987,-1.054798976033926,-3.3370115028232332
1733902701732281000,40.141281005859376,0.6939359118685126,-0.8740250602543354,-3.223684983372688
1733902701742308400,40.15130834960937,1.093173130352795,-0.6659218235224486,-3.1490929759860036
1733902701752335400,40.16133544921875,0.2448851534232497,-0.9290785466954111,-1.5043664518296718
1733902701762362400,40.1713623046875,-1.015778925026953,-1.349408237569034,-1.2785311590522528
1733902701772388000,40.18138818359375,-1.1199223133295775,-0.8808812097594142,-1.6305501147657633
1733902701782415400,40.19141528320313,-0.5871124907016754,-0.8128440308436751,-1.9451590850174425
1733902701792442400,40.2014423828125,-0.46880613701194523,-0.7643450806125998,-1.0973615219533444
1733902701802469400,40.211469482421876,-0.6924906814962625,-0.8785168187156319,-0.734334850013256
1733902701812496100,40.22149609375,-1.7737138463363051,-1.1293228866204619,0.5102537074267864
1733902701822522400,40.2315224609375,-1.8071780167818068,-0.7359606976494193,-0.03088496760725975
1733902701832549400,40.24154931640625,-1.5587597207963466,-0.6190317697927356,0.5358481674104929
1733902701842576400,40.251576416015624,-1.1175590913295745,-0.36919425465911626,0.43656537088155745
1733902701852603100,40.26160302734375,-1.312426998913288,-0.14034925867170095,0.9600561610221863
1733902701862630400,40.27163037109375,-1.324715402600169,-0.04085135808736086,1.2016712067335844
1733902701872656400,40.28165649414063,-1.88263044039011,-0.08090659736096859,1.016620344287157
1733902701882683400,40.29168334960937,-2.093911138114333,-0.12457973487079142,0.305900178617239
1733902701892710100,40.30171020507812,-1.7770383145838975,0.0885197027131915,0.4204191227227449
1733902701902737400,40.3117373046875,-1.5557044248789549,0.24946838956028222,0.7710416556417942
1733902701912764400,40.32176440429687,-1.5215964035719631,0.3846615806430578,1.0391899034917353
1733902701922790400,40.33179028320313,-1.609544736137986,0.7150640400931239,0.9722820208668709
1733902701932817200,40.34181713867188,-1.3174310908108948,0.8269543892607092,0.6576005699008702
1733902701942844400,40.351844482421875,-0.9999684846937655,1.0420359405726194,0.6456050116807222
1733902701952871400,40.361871337890626,-0.6811433580517768,1.1897212412208318,0.4895838443636894
1733902701962898200,40.37189819335938,-0.45609307817220685,1.3158654489293693,0.753505414429307
1733902701972924200,40.381924072265626,-0.3074503306686878,1.7158628381311893,0.8953934269756079
1733902701982951400,40.39195141601562,0.09155249453783035,1.9900529964938758,0.6554062747269869
1733902701992978400,40.401978515625,0.08793021238744259,2.014969118824601,0.3176145818084478
1733902702003005200,40.412005126953126,-0.14536942492127417,2.018957019416988,-0.10224339990019797
1733902702013032200,40.4220322265625,-0.32502047415077684,2.1803961201295254,-0.43475919824242587
1733902702023058200,40.43205810546875,-0.35423896985054015,2.125626126804948,-0.39573943949639795
1733902702033085400,40.44208544921875,-0.1205249065220356,2.0753055141046644,-0.6270002644538879
1733902702043112200,40.4521123046875,0.18457447710633276,2.312349598638713,-0.7504588863402605
1733902702053139200,40.46213916015625,0.27839257848858834,2.145178384014964,-1.1964315525144338
1733902702063166500,40.47216650390625,-0.1114747541040182,1.9064464925244449,-1.2356219916522502
1733902702073192400,40.4821923828125,-0.1440226864874363,2.126383082652092,-1.0196072511434555
1733902702083219200,40.49221923828125,0.08202887938916682,1.9162375264376401,-0.6139268478691577
1733902702093246200,40.50224609375,0.37624329638779164,1.96489546662271,-0.25632746167480946
1733902702103273500,40.5122734375,0.6320318288803101,1.4578575063720345,-0.02587035431563854
1733902702113300200,40.52230029296875,0.5450397741258144,0.8022381734162568,-0.345460620111227
1733902702123326200,40.532326171875,0.6294774682223796,0.2934834723755717,-0.49857846720218657
1733902702133353200,40.54235327148437,1.0221563511043787,-0.015602058279514311,-0.4740899226337671
1733902702143380500,40.55238037109375,1.2867010215044021,0.17280425207465885,-0.5367173514604568
1733902702153407200,40.5624072265625,1.3535627268999815,0.6139148651704192,-0.5568406865566968
1733902702163434200,40.57243432617187,1.4317378534704446,0.3798965581983328,-0.8213128762423991
1733902702173460200,40.58246020507813,1.366822021445632,0.2231160969465971,-1.1733148808211087
1733902702183487200,40.5924873046875,1.4461545013576744,0.18234540288001297,-1.45763275770545
1733902702193514200,40.60251416015625,1.8119769414961338,0.20603665959089992,-1.2698667910814285
1733902702203541200,40.61254125976563,1.9559277317911385,0.4693374674096703,-0.8817173683226108
1733902702213568300,40.622568359375,2.035488175240159,0.7357739429056644,-0.6665314798533916
1733902702223594200,40.63259423828125,1.8123504509836434,1.0745073005884884,-0.8766302743166685
1733902702233621200,40.642621337890624,1.655122245964408,1.2127397132366895,-1.421630885475874
1733902702243648300,40.652648193359376,1.5091659610658883,1.087824755062163,-1.6766741525590418
1733902702253675300,40.66267529296875,1.493504281553626,1.1032283681601285,-1.157368539148569
1733902702263702300,40.672702392578124,1.625244409573078,1.4515142748251557,-0.9299597134441137
1733902702273728300,40.68272827148437,1.8679437433898447,1.5290408743590116,-0.9019418257057666
1733902702283755800,40.692755859375,1.7273434325665233,1.6835823245123027,-0.9886503873437642
1733902702293782800,40.70278271484375,1.5006652592241763,1.8281322497442363,-0.9019850803256034
1733902702303809500,40.7128095703125,1.0387982738256454,1.7351470920547842,-0.6218833598315715
1733902702313836500,40.72283642578125,0.7065273901551962,1.8590923284143208,-0.4455202462315559
1733902702323862500,40.73286254882812,0.8510492583364248,1.8138909584239125,-0.07949263890981674
1733902702333889800,40.74288989257813,0.9250555747896433,1.7261346412986516,0.2733960853755474
1733902702343916500,40.75291650390625,0.521131075271964,1.4485717916324734,0.40651977670788764
1733902702353943600,40.76294360351562,0.28994448459446426,1.192870645162463,0.3909124577313661
1733902702363970800,40.772970703125,0.45119887638986106,0.9662757661893964,0.44782735413014885
1733902702373996800,40.782996826171875,0.277238732278347,0.7416399123296141,0.6591133125513792
1733902702384023600,40.7930234375,-0.01016542018353939,0.3542974220395088,0.671072045892477
1733902702394050600,40.80305053710938,-1.5063310299009083,-1.1002701028764248,3.404775417755544
1733902702404077800,40.813077880859375,-2.53118670309186,-1.6390040548563003,4.983929399544
1733902702414104600,40.8231044921875,-4.23166141795516,-1.854280544218421,-1.9226579148739575
1733902702424130600,40.833130615234374,-4.640224683189392,-0.9648755440026521,-1.9606296258717775
1733902702434157600,40.843157470703126,-2.659918296945095,-0.44552842953801153,1.9113520924836396
1733902702444184800,40.85318481445312,-0.0324731135815382,0.12395371192693709,1.876123250453174
1733902702454211600,40.863211669921874,0.890831233626604,-0.4684469483107328,-1.2018123687699436
1733902702464238600,40.873238525390626,0.5628378811448812,-1.0339859051078557,-1.5337170494765042
1733902702474264600,40.8832646484375,-0.09721709617078304,-1.6570137587994336,-0.8878232839822768
1733902702484291600,40.89329150390625,-0.5040659587025642,-2.294278227636218,-1.2631170245602725
1733902702494318800,40.90331884765625,0.04832242462038994,-2.34149649040699,-2.502553898325562
1733902702504345600,40.913345703125,1.3225544251739978,-1.8559370792537926,-2.6037574337840077
1733902702514372600,40.92337255859375,1.3881623311161995,-1.6091232958555222,-2.372263384592533
1733902702524398600,40.933398681640625,1.5341723920285701,-1.0850339552998542,-1.9277546534910797
1733902702534425900,40.94342578125,2.127999870198965,-0.14904314499795435,-2.335444350761175
1733902702544452600,40.95345263671875,2.335606847846508,-0.6043213996559381,-2.8026272704854605
1733902702554479600,40.963479736328125,1.6586913366228342,-1.0783142916560173,-2.7653905957639218
1733902702564507000,40.9735068359375,-0.3659218088597059,-1.0040765045344828,-2.0098399392426014
1733902702574532900,40.98353295898438,-0.8714759602934121,-0.33982524457275864,-1.7569503430619835
1733902702584559600,40.9935595703125,-0.6844377234220504,-0.41989656015336513,-2.536890759952366
1733902702594586600,41.00358666992187,-0.4759487022429704,-1.2648241207391022,-3.883004339890182
1733902702604614000,41.01361376953125,-1.707821570494771,-2.263246545034647,-4.1819490002810955
1733902702614640600,41.023640625,-2.7366964161992073,-2.5133897651165724,-3.5476539026439187
1733902702624666600,41.03366650390625,-2.1191677444458006,-1.5352064112514257,-3.1530624641388654
1733902702634693600,41.04369360351563,-1.6744249123275279,-1.00199326851964,-2.7966949578270315
1733902702644720600,41.053720703125,-1.5005004240512847,-0.840373550543189,-2.4032994511082766
1733902702654747600,41.06374755859375,-1.2200205178946255,-0.49376434491872784,-1.9366145440340041
1733902702664774700,41.07377465820313,-0.9036322630107402,-0.11544599582254886,-1.1323436957463622
1733902702674800600,41.083800537109376,-0.43996085853874684,-0.04055412870645523,-0.4122559822723269
1733902702684827600,41.09382763671875,0.0895282952338457,0.02881400655210018,0.002850713256001472
1733902702694854700,41.103854736328124,0.48971945344209666,0.14351064531207083,0.1733966650098562
1733902702704881700,41.113881591796876,0.5526426503449678,0.2933510781675577,0.4225251550912857
1733902702714908700,41.12390869140625,0.4084849393010139,0.530832969596982,0.70750398010239
1733902702724934700,41.1339345703125,0.24941782841682433,0.6919260333508253,1.0167366641432047
1733902702734961700,41.14396166992187,-0.011902619239687919,0.7506973712712526,1.2854960296288132
1733902702744988700,41.15398876953125,-0.22772388300299642,0.846056272354722,1.2993395538032053
1733902702755015700,41.164015625,-0.3803004628241062,1.0588754316926001,1.1778580772086977
1733902702765042700,41.17404272460937,-0.5734095440417528,1.2334873177111148,1.0732171146474778
1733902702775068700,41.18406860351563,-0.7338549575418234,1.4301520455837249,1.007689580465108
1733902702785095700,41.194095703125,-0.7962655287474394,1.5626573127567767,0.9242201468788087
1733902702795122700,41.204122802734375,-0.7431874340325594,1.6115508152633904,0.9444400742173195
1733902702805149400,41.2141494140625,-0.6721656863480806,1.6825041738867759,1.0875905809801072
1733902702815175700,41.22417578125,-0.5716875425547361,1.8047955055594442,1.11808019259423
1733902702825202700,41.23420263671875,-0.6037187575876712,1.8968793304949998,1.0472006298594176
1733902702835229700,41.24422973632812,-0.6861345904678106,1.906231680729985,0.8869019313536584
1733902702845256400,41.25425634765625,-0.8295482051461934,1.9673773465663194,0.7624042487431317
1733902702855283700,41.26428369140625,-1.0845353581279515,2.104612564870715,0.6877610226258635
1733902702865309700,41.274309814453126,-1.2990934700876473,2.1138135239362716,0.6394909857798368
1733902702875336700,41.28433666992188,-1.4554682731479405,2.088849763071537,0.649652898832038
1733902702885363500,41.29436352539062,-1.5784493406504392,2.103514248239994,0.7401108761314302
1733902702895390700,41.304390625,-1.6363883193999529,2.1080489690601825,0.8237029131840914
1733902702905417700,41.31441772460938,-1.553990022176504,2.076028275421262,0.7674718343310057
1733902702915443700,41.324443603515626,-1.4093670317083595,2.0945517741054296,0.8390444938965141
1733902702925470500,41.33447045898438,-1.2551666500777006,2.107497764918208,0.9720130677323788
1733902702935497700,41.344497802734374,-1.0257102441936732,2.008697783470154,1.0304432640649377
1733902702945524700,41.354524658203125,-0.7816010435789823,1.8474796320319176,1.0418765122272073
1733902702955551700,41.3645517578125,-0.42288346700966356,1.7499124072492123,0.9683753688171506
1733902702965577700,41.37457763671875,-0.14355331541001795,1.6562264078140259,0.9821927356369793
1733902702975604700,41.38460473632812,0.07881693160533905,1.5600263797312974,1.1421396980956195
1733902702985631700,41.3946318359375,0.5372551115989684,1.615650651797652,1.197961392430216
1733902702995658800,41.40465869140625,1.0862959380596875,1.647286730033159,0.9032147682510315
1733902703005685500,41.414685546875,0.23336977993547914,1.2820640093535185,0.8643135213181375
1733902703015711700,41.42471166992188,0.09464578437805175,1.4280419215619564,0.40384029183294623
1733902703025738800,41.43473876953125,0.5078787949889898,1.2122861242502927,0.20062055282630026
1733902703035765800,41.444765869140625,0.6234206524014473,1.055259579282999,0.14229944289140403
1733902703045792500,41.45479248046875,1.0903782389372587,0.8603823193490505,-0.06526596063673495
1733902703055819800,41.46481982421875,1.412570796185732,0.5980652618706226,-0.12388141387570649
1733902703065845800,41.474845703125,1.4346931961447,0.41612580944299693,0.05888108190521597
1733902703075872800,41.48487280273437,1.1469979517817497,0.2898907085806131,0.08204878966603428
1733902703085899500,41.4948994140625,0.6707762778162956,0.12033610595166683,-0.22386954566240308
1733902703095926800,41.5049267578125,0.44821956831812854,0.09333119464814663,-0.3942971317335963
1733902703105953800,41.51495385742187,0.41360301296710966,0.21352292369306086,-0.24277283744439482
1733902703115979800,41.52497973632813,0.1758235998958349,0.3060907327532768,-0.12128873050138353
1733902703126006500,41.53500659179687,-0.12021160278916358,0.32926936376690863,-0.24016791564300655
1733902703136033800,41.54503369140625,-0.4556067559599876,0.19599895744025705,-0.24061814362853765
1733902703146060800,41.55506079101563,-1.421142225176096,0.039841596522927285,0.010389584328234195
1733902703156087600,41.56508764648437,-1.2685282359540462,0.32986908322572706,-0.08872399311363696
1733902703166113500,41.57511352539063,-0.6720254010945558,0.7324076813429594,-0.1288581428423524
1733902703176140800,41.58514086914062,-0.5029027601420879,0.5132388607174158,0.4131081421222538
1733902703186167800,41.595167724609375,-0.4926280343651771,0.2395890928417444,1.0832457567088305
1733902703196194600,41.60519458007813,-0.3194488114982843,0.274657483613491,1.0725694643937052
1733902703206221600,41.6152216796875,-0.1319008715391159,0.39566988139152526,0.7289220311842859
1733902703216247600,41.62524755859375,-0.0246913736641407,0.35013270357549187,0.45619354287199676
1733902703226274800,41.63527490234375,-0.04676701187193393,0.17788813121020794,0.48783714682683343
1733902703236301600,41.645301513671875,0.13070961592793465,0.21508944235742092,0.3496944582886994
1733902703246328600,41.65532861328125,0.33407121109068394,0.2185053882807493,0.3947088543396443
1733902703256355800,41.66535595703125,0.5661538738250732,0.3896627499312162,0.5226162723284214
1733902703266381800,41.6753818359375,0.6399100149095058,0.6157990714818239,0.749586049028486
1733902703276408600,41.68540869140625,0.3996621658980846,1.1554852096199988,0.9459566893253475
1733902703286435800,41.695435791015626,-0.0033680151283740994,0.9527619123607873,1.1066769742440432
1733902703296462800,41.705462890625,-0.16400222919881344,0.09129705847203731,1.0080759494341909
1733902703306489600,41.71548950195312,-0.07367664610743523,0.12093816349804401,0.5112659532092512
1733902703316515600,41.725515625,0.23134791871905325,0.2157645651400089,0.09134097067900002
1733902703326542800,41.73554296875,0.4895838443636894,0.08452011168301105,0.05572459063567221
1733902703336569900,41.74556982421875,0.6418506275832653,-0.012088497200608252,0.234658285376057
1733902703346596600,41.7555966796875,0.5443780953466892,0.08966098170280457,0.42210714887492357
1733902703356623600,41.76562353515625,0.49802083331942554,0.26553017430603504,0.33646519355513155
1733902703366649900,41.77564990234375,0.45646483409404753,0.31501170583367344,0.041733474684134124
1733902703376676900,41.7856767578125,0.3362807038336992,0.2823971379548311,-0.1274263564735651
1733902703386703600,41.79570361328125,0.17005495336651802,0.2679559401482344,-0.08244527817033231
1733902703396730600,41.80573071289062,0.05491758510172367,0.24072832600474356,-0.07441811212450265
1733902703406758000,41.8157578125,0.025474632996320724,0.22803251056075094,-0.031126375147700308
1733902703416784000,41.82578393554687,0.06148468853235244,0.34597967554926873,0.07423311094641685
1733902703426810600,41.835810546875,0.09460252975821494,0.4660924941390753,0.09636698214747011
1733902703436837600,41.84583764648438,0.17080781756043434,0.5265022469162941,0.20963424569144845
1733902703446865000,41.85586499023437,0.2994622545242309,0.5210457350760698,0.30830534006282684
1733902703456891600,41.8658916015625,0.4476818081796169,0.4974480018675327,0.35264176378697154
1733902703466917600,41.87591772460937,0.5626584329247475,0.49622985824942584,0.3415524336915463
1733902703476944600,41.885944580078124,0.6086088677167892,0.43650867225825785,0.2697230594186112
1733902703486972000,41.89597192382813,0.5309668251097202,0.28120471329987046,0.06961418244149535
1733902703496999000,41.9059990234375,0.3156231157302856,0.10251870971024035,-0.11835475940871983
1733902703507025700,41.916025634765624,0.1834925270885229,0.04074000666737556,-0.27610570966042575
1733902703517051600,41.9260517578125,0.1638169357597828,0.010826514440774917,-0.3300650076566264
1733902703527079000,41.936078857421876,0.02500117026567459,0.01887245825231075,-0.24474355299547312
1733902703537106000,41.94610595703125,0.04291033644378185,0.012411153283715247,-0.19427008782103655
1733902703547132700,41.95613256835937,0.013206103053689001,-0.03650689914226532,-0.1573860989946872
1733902703557159700,41.96615966796875,-0.09909458048045634,0.0005482815325260162,-0.08282043162565678
1733902703567185700,41.976185546875,-0.1226116496682167,0.07409808638989925,0.0003813274677842855
1733902703577213000,41.986212890625,-0.06502572214007377,0.13811317018270491,0.07859612846150994
1733902703587239700,41.99623974609375,0.010056699112057685,0.1477256326586008,0.12914097837172447
1733902703597266700,42.0062666015625,0.06353226871192455,0.16923486915528774,0.15520027938820422
1733902703607294000,42.0162939453125,0.08264262737333775,0.23806699784100055,0.187240043053776
1733902703617320000,42.02631982421875,0.11501929484307766,0.1984510267674923,0.11323694147095084
1733902703627346700,42.0363466796875,0.1015758759021759,0.15976210741102695,-0.07054875987786799
1733902703637373700,42.04637377929687,0.1017372039437294,0.0634340690344572,-0.26022472484167664
1733902703647401000,42.05640087890625,0.11657470759153366,-0.05086743292808532,-0.41994120301268995
1733902703657427700,42.066427734375,0.14543196876347064,-0.051184243792295456,-0.4568387819729745
1733902703667453700,42.07645361328125,0.15450141040384768,0.04257482087910175,-0.3582264320515096
1733902703677480700,42.086480712890626,0.15426584808230398,0.10003975237607955,-0.2255200893484056
1733902703687508000,42.09650805664062,0.14094284065067766,0.10297288321852684,-0.1532073885379359
1733902703697534700,42.10653466796875,0.10822072074413298,0.059603697091341015,-0.12621310822628437
1733902703707561700,42.116561767578126,0.0899602569103241,0.011235095241665839,-0.1576462477682158
1733902703717587700,42.126587646484374,0.05886895307600498,-0.004210311171412468,-0.21298468863051384
1733902703727614700,42.13661474609375,-0.016048633003234863,0.052825581258535384,-0.2315337966799736
1733902703737641700,42.14664184570312,-0.09983692328035831,0.0715600923448801,-0.21505342119596899
1733902703747668700,42.156668701171874,-0.16131693563759325,0.02929623711109161,-0.2343604349406436
1733902703757695700,42.16669580078125,-0.22535247769653796,0.05141220732927322,-0.2553124394133687
1733902703767721700,42.1767216796875,-0.27699615569412706,0.11239654512405395,-0.2634893526608124
1733902703777748700,42.18674877929688,-0.27914135102927684,0.14316051670014857,-0.22487525210622697
1733902703787775700,42.19677563476562,-0.2517594231069088,0.15574235037565232,-0.18723010618165134
1733902703797802800,42.206802734375,-0.24886370166540145,0.10998831493854522,-0.18522179856654256
1733902703807829800,42.21682983398438,-0.17904606907367704,0.045448915010690684,-0.23995788962151854
1733902703817855700,42.226855712890625,-0.025254852765798568,-0.05729366658329963,-0.32591292947847395
1733902703827882800,42.2368828125,0.06458499263525008,-0.06853752965331077,-0.34548370872586964
1733902703837909800,42.24690966796875,0.05677636471092701,-0.004244797962903976,-0.27474717119093983
1733902703847936800,42.256936767578125,0.027073884886503218,0.08400222528874873,-0.13732698824107645
1733902703857963800,42.2669638671875,-0.11163374405801296,0.143612936642766,-0.09991342258267104
1733902703867990800,42.27699072265625,-0.5704746596336364,-0.03994797950685024,-0.04713208232466131
1733902703878016800,42.28701684570313,-0.40735505848824977,-0.08770517145991324,-0.10345986301787197
1733902703888043500,42.29704345703125,0.014770283630490303,0.10761106441318988,-0.28315058667063714
1733902703898070800,42.30707080078125,0.2185316917657852,0.08171382209062576,-0.2566428477669135
1733902703908097800,42.31709790039063,0.46459319549202915,0.029971944415569305,-0.14943181552197785
1733902703918124800,42.32712475585937,0.6465262181788682,-0.017947744622826577,-0.02994520253911614
1733902703928150500,42.33715063476563,0.6838216373503208,0.024458149430155753,0.002904123943671584
1733902703938177800,42.347177734375,0.6821294464796781,0.11026888544559478,0.034810653151012956
1733902703948204800,42.357204833984376,0.5033692086100578,0.13465689224898814,0.08757219273000955
1733902703958231800,42.36723168945313,0.2534334937989712,0.1153045415252447,0.12844232858307658
1733902703968258800,42.3772587890625,0.016665303596854208,0.22238661362826823,0.13054152935203164
1733902703978284800,42.38728491210937,-0.18262451208233832,0.2362128944069147,0.05938643761146813
1733902703988311800,42.397311767578124,-0.317511705955863,0.26689620196223257,-0.09262103708479553
1733902703998338800,42.4073388671875,-0.4396189132332802,0.4717635255128145,-0.3956653513468802
1733902704008365800,42.41736572265625,-0.40387832228839393,-0.2260918978869915,-0.5316448339691385
1733902704018392800,42.427392822265624,-0.1871954732596874,-0.3332072877377271,-0.6427259491130709
1733902704028419800,42.437419921875,0.06284545549154281,-0.2562374453037977,-0.7324451638091355
1733902704038445800,42.44744580078125,0.19808570058643818,-0.2538444126874208,-0.6685789139024912
1733902704048472600,42.45747265625,0.28321371503472326,-0.14233692535758016,-0.38250089547783134
1733902704058499800,42.46749975585937,0.418289124956727,-0.04762450548410416,-0.16746300064455716
1733902704068526800,42.47752685546875,0.4752542902380228,0.06850245833992957,-0.04481814282648265
1733902704078553600,42.4875537109375,0.4062514811605215,0.1939589760452509,0.030543899084627627
1733902704088579600,42.49757958984375,0.2846153985261917,0.2914157261908054,0.10842515727505088
1733902704098606800,42.50760693359375,0.09075169954895973,0.33284488416612146,0.13268953769877553
1733902704108633900,42.5176337890625,-0.09297171368598937,0.3626870647221803,0.12787231014277786
1733902704118660600,42.52766064453125,-0.20408464874029159,0.4117611844927072,0.09431710041295736
1733902704128687900,42.53768798828125,-0.268445184969902,0.5133785614490509,0.05256977986656129
1733902704138713900,42.5477138671875,-0.33653906250894067,0.5219698641836643,0.03462583463601768
1733902704148740900,42.55774096679688,-0.3750719145208597,0.41072716526985165,0.057072498113289474
1733902704158767600,42.567767578125,-0.2847434088200331,0.30404081448614595,0.014170271910727023
1733902704168795000,42.577794921875,-0.16616846732199192,0.2152244669139385,-0.060876493506133555
1733902704178822000,42.58782177734375,-0.06663958707749844,0.11252163280844688,-0.11244038426578044
1733902704188847900,42.597847900390626,0.021273089653253554,0.051718496799468994,-0.14768478919155895
1733902704198874600,42.60787451171875,0.09902209976613521,0.0021089549779891967,-0.12225231483653187
1733902704208901600,42.61790161132812,0.18065350427031515,-0.052336920958757395,-0.13867953536119312
1733902704218929000,42.627928955078126,0.18937749347388744,-0.06536299127042293,-0.1570109455393627
1733902704228955600,42.63795556640625,0.14068331293165684,-0.07101297985613346,-0.19112605417426676
1733902704238981600,42.647981689453125,0.09082885643839836,-0.04403144942820072,-0.22723573415987192
1733902704249008600,42.65800854492188,0.029940964755415914,0.014608955588936805,-0.24213673149794337
1733902704259036000,42.668035888671874,-0.013250526717305183,0.026494039171934127,-0.22683274284955113
1733902704269062700,42.678062744140625,-0.07715104421973228,-0.007035889986157417,-0.21910792075116187
1733902704279089700,42.68808959960938,-0.1021685810983181,-0.034927520996332166,-0.25777517626509067
1733902704289115100,42.698115234375,-0.08402619068622588,-0.04886778354346752,-0.1807369082374498
1733902704299142400,42.70814233398438,-0.025157822132110593,0.0133195003002882,-0.05070113645046949
1733902704309169400,42.71816943359375,0.03385901498198509,0.04884732527732849,0.020111096669174728
1733902704319196200,42.72819604492187,0.04338496821820736,0.06231178700625896,0.015737119368650018
1733902704329223400,42.73822338867188,0.024990064349770545,0.08022446031570434,-0.02356149285137653
1733902704339249400,42.74824951171875,0.07017945164144039,-0.005440145227313041,-0.052191813399642704
1733902704349276400,42.7582763671875,0.08028232798278331,-0.014516016608476639,-0.001972797910310328
1733902704359303200,42.76830322265625,-0.01280453651547432,0.08185060021281242,0.03333900969587266
1733902704369330400,42.778330322265624,-0.23208558534383772,0.10968728616535663,0.07514982393253594
1733902704379357400,42.788357421875,-0.8566378721237182,-0.019307927060127256,0.19920674050562082
1733902704389383400,42.798383544921876,-0.698970691165328,0.1911129389643669,0.04115509027428925
1733902704399410200,42.80841015625,-0.4671574930220842,0.3747995273202657,-0.24581187634672969
1733902704409437200,42.81843725585937,-0.23336218115091323,0.1989022776663303,-0.3117636638231575
1733902704419464400,42.82846435546875,-0.05491057083904743,-0.05424713849425315,-0.23014289031084625
1733902704429491200,42.8384912109375,0.12076689858436583,-0.20238661265075206,-0.14952026099041105
1733902704439517200,42.84851708984375,0.1722469104528427,-0.3965945950210094,-0.11079349384158849
1733902704449544200,42.85854418945313,0.15730594643056392,-0.427112482881546,-0.04714574552383274
1733902704459571500,42.868571533203124,0.22848609954714774,-0.3275631443709135,-0.059384026458673175
1733902704469598200,42.87859814453125,0.2530699211835861,-0.5707797800600528,-0.3183585685761645
1733902704479625200,42.88862524414063,0.19022738830149172,-0.5481973613739013,-0.4777771597791463
1733902704489651200,42.898651123046875,0.10609130750000476,-0.010984919872879981,-0.195929618531093
1733902704499678500,42.90867846679687,-0.04111176258921623,0.5306307250231505,0.38577045520041137
1733902704509705200,42.91870532226562,-0.21574118426442146,1.1707657808601855,0.9183454096265137
1733902704519732200,42.928732177734375,-0.34767361998558044,1.6470628581494091,1.2917729179412125
1733902704529759500,42.93875952148438,-0.4015402347296476,1.184358837404847,1.1356951981313526
1733902704539785500,42.948785400390626,-0.42355508266091346,0.7188660627245903,0.3672746482407674
1733902704549812200,42.95881225585938,-0.5521253484725952,0.6876888341724873,-0.12195661982558667
1733902704559839200,42.96883911132812,-0.5026870715647935,0.06194879891276359,-0.013369586519710718
1733902704569866200,42.9788662109375,-0.10956278300285338,-0.22786299921274183,-0.31603772441316397
1733902704579893200,42.98889331054688,0.2546685885518789,-0.4567804759144783,-0.7339930508382618
1733902704589919200,42.998919189453126,0.3813309749156236,-0.787265645211935,-1.044055317571014
1733902704599946200,43.0089462890625,0.44149230588972566,-0.7525918067157268,-0.9445135047797113
1733902704609973200,43.01897314453125,0.568709403526783,-0.6217027425676583,-0.6456329226009547
1733902704620000300,43.029000244140626,0.5832827032804488,-0.2509767482966184,-0.20212346820253876
1733902704630027300,43.03902734375,0.45740416077077384,0.12290566417872904,0.06914747824519872
1733902704640053200,43.04905322265625,0.2713186945796013,0.20156068322062493,0.040077962562069296
1733902704650080300,43.05908032226562,0.0621311697423458,0.2133288624256849,-0.13781144728977232
1733902704660107300,43.069107177734374,-0.12993921607732772,0.26760990318953987,-0.20342465046159922
1733902704670134300,43.07913427734375,-0.3099842330604791,0.30654782887101173,-0.12683222650531678
1733902704680160300,43.08916015625,-0.410071916231513,0.32831893117427824,-0.1304358770204708
1733902704690187300,43.09918725585938,-0.45973932572007176,0.33122517400979995,-0.07799589754603803
1733902704700214300,43.10921435546875,-0.4085907377630472,0.3414478773385286,-0.12753701377380638
1733902704710241300,43.1192412109375,-0.21803367911577223,0.31229251000285146,-0.09972524306681006
1733902704720268300,43.12926831054688,0.07649053448438643,0.16944646607935426,0.004366524646431207
1733902704730294300,43.139294189453125,0.3865478327810764,0.06528408081531524,0.01909340752661228
1733902704740321300,43.1493212890625,0.5800304234862327,0.06250117209851741,-0.06638970396965742
1733902704750348300,43.15934838867187,0.670419134941697,0.0524544098585844,-0.07709631835781038
1733902704760375300,43.169375244140625,0.8364397182255983,0.026879239097237585,-0.036186617679335176
1733902704770402300,43.17940234375,1.1318676026672123,0.0011760580420494078,-0.056174234099313616
1733902704780428300,43.18942822265625,1.3430097687035798,-0.13335808461010457,-0.17439119247253984
1733902704790455300,43.19945532226563,1.334516081124544,-0.0822474905759096,-0.24912991485353558
1733902704800482300,43.209482421875,1.0687661265879869,0.18867372911870478,-0.18135761568536982
1733902704810509300,43.21950927734375,0.5302993011116981,0.20093582932054996,0.042871009080391376
1733902704820536300,43.22953637695313,0.10823825640082359,0.23158348104059695,0.2427233722794801
1733902704830562300,43.239562255859376,-0.23109014456570148,0.34533436338305473,0.1766296555817127
1733902704840589300,43.24958935546875,-0.4127431812673807,0.2828384519815445,-0.06806223115860484
1733902704850616300,43.2596162109375,-0.45853404158353805,0.18289806832671165,-0.1341392798493616
1733902704860643300,43.269643310546876,-0.38366087916791436,0.16663842292129993,-0.11308101112372242
1733902704870669300,43.27966943359375,-0.062485390007495874,0.001821370208263397,0.10015998122226447
1733902704880696300,43.2896962890625,0.012076222240924835,-0.19062369414269922,0.17488785341568291
1733902704890723300,43.29972338867187,0.006712649381160736,-0.02793780823945999,0.021203449349990112
1733902704900750300,43.30975024414062,-0.19965105020701884,0.09415887764394283,-0.022759866745444012
1733902704910777300,43.31977734375,-0.31407880889773365,0.12056231592297553,0.1476332051347941
1733902704920803300,43.32980322265625,-0.3728483932524919,-0.03234919494092464,0.42858200744483615
1733902704930830300,43.33983032226563,-0.4093149603843689,-0.13251111239194868,0.19996287436885757
1733902704940857300,43.349857421875,-0.4981383222192526,-0.2040221048980951,-0.06715385674256831
1733902704950884400,43.35988427734375,-0.557795210802555,0.03720949445366859,-0.2376872412757948
1733902704960911400,43.36991137695313,-0.4170043458431959,0.1110743566095829,-0.40596784191355106
1733902704970937300,43.379937255859375,-0.5080722717344761,0.10603168626725673,-0.3415823904383927
1733902704980964000,43.389964111328126,-0.4105675907939672,0.18338497506082058,-0.22990173849873244
1733902704990991400,43.39999145507812,-0.3080494656056165,0.30520167495906353,-0.09683728480665013
1733902705001018400,43.410018310546874,-0.3933504985332489,0.480962731012702,-0.014521259039174764
1733902705011044400,43.42004443359375,-0.7045628120839595,0.36494507278203964,0.05081503602056764
1733902705021071000,43.430071044921874,-1.0921785663574934,0.13451719151735306,0.2289543746460229
1733902705031098400,43.44009838867188,-1.2590595658630133,0.3667898238658905,0.19736556961834428
1733902705041125400,43.45012548828125,-1.0728080954551695,0.08503858259916305,-0.0880285399290733
1733902705051152100,43.460152099609374,-0.9337602747708559,-0.34133272652626034,-0.4077146855808794
1733902705061178000,43.47017822265625,-0.7630687770664691,-0.07771160071194172,-0.484984716537781
1733902705071205400,43.480205322265626,-0.20439795247316359,0.08083528569042682,-0.43131194386538113
1733902705081232400,43.490232421875,0.4254255527079105,-0.12480360675454139,-0.25014248942956324
1733902705091259100,43.50025903320312,0.5598129803657531,-0.2438163551479578,-0.11163828323581255
1733902705101286400,43.510286376953125,0.3150269034028053,0.09454524661302566,-0.07247373659107834
1733902705111312400,43.5203125,0.22282442052364348,-0.04325403531491756,-0.19290110102277247
1733902705121339400,43.53033935546875,0.3048796033978462,-0.021625556352734564,-0.22893778883740304
1733902705131366100,43.5403662109375,0.4129834197640419,-0.04527765009701252,0.06183993171080947
1733902705141393200,43.55039306640625,0.2638672095298767,-0.17055588862597942,0.03529379017559113
1733902705151419400,43.56041943359375,0.06124737264513969,-0.12216156781315803,-0.1670718459025025
1733902705161446400,43.5704462890625,-0.15412147117555142,-0.0016629647761583328,-0.1286511764276307
1733902705171473200,43.58047314453125,-0.20457564712762832,0.3382072879821062,-0.11014456494618206
1733902705181500200,43.59050024414063,-0.09869652107357978,0.5235422280669212,0.11599920012536458
1733902705191527400,43.60052734375,0.1677601204276085,0.4917003981262445,0.25170778425121676
1733902705201553400,43.61055346679687,0.4270739044368267,-0.49273091021776194,-0.06937849682236556
1733902705211580200,43.620580078125,0.7169102524816989,-1.0070236639022827,-0.7808055092871189
1733902705221607200,43.630607177734376,0.6629553749322891,-0.27680209442675113,-0.8907966737698763
1733902705231634400,43.64063452148437,0.33565994158685203,-0.01604220326244831,-0.6165580731555819
1733902705241660400,43.65066040039063,0.4014133934795856,-0.053603579893708224,-0.46391394452359525
1733902705251687200,43.66068725585937,0.638156449240446,0.143359254142642,-0.334723135660775
1733902705261714200,43.670714111328124,0.7073913135081529,0.08107084801197051,-0.19398551699230446
1733902705271741400,43.68074145507813,0.711315208953619,0.08539280286431312,0.062065484094992275
1733902705281768400,43.6907685546875,0.4618564640045166,0.2699246098726988,0.13400166147695852
1733902705291794400,43.70079443359375,0.16869360188543794,0.3601274433672428,0.06405490434654057
1733902705301821400,43.710821533203124,-0.16528642379045486,0.4064513876467943,-0.04508170739980414
1733902705311848700,43.7208486328125,-0.45030397337675093,0.3187392019242048,-0.041595591450249776
1733902705321875500,43.73087548828125,-0.5704127003133297,0.28932313782572744,-0.07980165919321588
1733902705331901400,43.7409013671875,-0.5823328552097082,0.23215397440493105,-0.02759668491790071
1733902705341928400,43.75092846679688,-0.5057639947921038,0.23220248972177504,0.02565704035852104
1733902705351955700,43.760955810546875,-0.4675052835464477,0.27055413994789124,-0.0012672343236859887
1733902705361982500,43.770982421875,-0.4287456370413303,0.3147814042091369,-0.010837209364725276
1733902705372009500,43.78100952148438,-0.3344587491035461,0.2639063724964857,0.09466823367187753
1733902705382035500,43.791035400390626,-0.2270411614358425,0.1665513291597366,0.06813772581391968
1733902705392062500,43.8010625,-0.1657458579957485,0.20243863509893417,-0.06437978891935199
1733902705402089500,43.81108935546875,-0.060385787379741665,0.12958441129028797,-0.06519273100374266
1733902705412116500,43.821116455078126,0.02853343604505062,0.10909458096921443,-0.030899283826979807
1733902705422142500,43.831142578125,-0.004636427628993987,0.1820458354115486,-0.028944076372287235
1733902705432169500,43.84116943359375,-0.13488894743919372,0.1902729810088873,-0.1610749070426449
1733902705442196500,43.85119653320312,-0.19130700023174285,0.20209961240291593,-0.08737667015790938
1733902705452223500,43.861223388671874,-0.24619302115142344,0.2948532994240522,0.1997351482938975
1733902705462250500,43.87125048828125,-0.17041852598190307,0.20297522619366645,0.1854742206913419
1733902705472276500,43.8812763671875,0.09780454066991806,0.11849018582403659,0.1873213463953696
1733902705482303700,43.8913037109375,0.43776364075541496,0.011243863070011139,0.1872929240184836
1733902705492330500,43.90133056640625,0.6302127967596054,-0.054658057382702824,0.08387959442292339
1733902705502357500,43.911357421875,0.7001186921566724,-0.1166208848208189,-0.03859597124285064
1733902705512383500,43.92138354492187,0.5748790320724249,-0.13867840285003186,-0.11024219836806878
1733902705522410800,43.93141064453125,0.3441226495057344,-0.03279927679598331,-0.12080792471449822
1733902705532437500,43.9414375,-0.014274609068036079,0.0593430003285408,-0.10553162779062986
1733902705542464500,43.95146459960937,-0.43488779305815695,0.17106792980134486,-0.11280831339587456
1733902705552491500,43.961491455078125,-1.2578507745951413,0.5046288532823324,0.2983997581255622
1733902705562517800,43.971517822265625,-1.4005156167328356,0.8011012783408165,0.567298513815552
1733902705572544500,43.98154443359375,-0.7367845812529326,0.6140484284222125,0.6315355697959661
1733902705582571500,43.99157153320313,-0.20529402453005313,0.40034897911846634,0.9450630284212529
1733902705592598500,44.0015986328125,0.1275000062316656,0.31604104888141155,0.9452778402157127
1733902705602624800,44.01162475585937,0.2640507494032383,0.19003566512167452,0.7143602757379413
1733902705612651500,44.021651611328124,-0.06679682346582412,-0.0076899699807167045,0.12167903586006723
1733902705622678500,44.031678466796876,-0.31992168970704077,-0.17231471499204634,-0.2662346693135798
1733902705632705500,44.04170556640625,-0.8042951059460639,-0.32634909240603444,-0.7303383277229964
1733902705642731500,44.0517314453125,-1.1654834565430878,-0.39429333234131336,-1.1109846813753246
1733902705652758500,44.06175854492187,-1.0509680195689202,-0.3680149817466736,-1.0361490744911133
1733902705662785500,44.07178564453125,-0.47852819734215735,-0.13999503840655086,-0.573650147864595
1733902705672812500,44.0818125,0.15955577118396758,-0.1569803677380085,-0.35382735684234645
1733902705682839600,44.09183959960937,0.5905868888139725,-0.4003519017279148,-0.4114424373997375
1733902705692865500,44.10186547851563,0.9443839601159095,-0.46419221347570416,-0.4022781936153769
1733902705702892500,44.111892578125,1.0449006823539733,-0.5488622550234198,-0.7612487220324575
1733902705712919600,44.12191943359375,0.9812088391661643,-0.5685971753239631,-0.2904394650371745
1733902705722946600,44.13194653320313,0.5357552284300326,-0.2882294973701238,-0.6068794866409153
1733902705732972500,44.14197265625,0.03282791836857796,-0.21618542090058326,-0.6793949069492519
1733902705742999600,44.15199951171875,-0.3430219947874546,-0.05089285963028669,-0.7188118483193219
1733902705753026600,44.16202661132812,-0.585102904444933,-0.004786065232753754,-0.6601107991561294
1733902705763053600,44.172053466796875,-0.6766174050599336,0.048961599306762214,-0.5365277106398716
1733902705773080600,44.18208056640625,-0.64877955006361,0.05013385795652866,-0.3584210778407752
1733902705783106600,44.1921064453125,-0.3645136956274509,0.07241641691327094,-0.14947653144653886
1733902705793133600,44.20213354492188,-0.03823591489195823,-0.033035423639416694,-0.08963182867355644
1733902705803160300,44.21216040039062,0.08996259499788284,-0.16379940010309219,-0.13265607382059097
1733902705813187600,44.2221875,0.1653062975347042,-0.21737784555554387,-0.18617957421541212
1733902705823213600,44.232213623046874,0.14482231243252752,-0.20942191811501978,-0.2406470957283862
1733902705833240600,44.242240478515626,0.2600193019300699,-0.13172025427520273,-0.27098511524368074
1733902705843267300,44.25226733398438,1.4418039049327374,-0.19556641124188898,-0.42120198019612576
1733902705853294600,44.262294677734374,0.7557493939638137,-0.2319268876507878,-0.43837556210868056
1733902705863321600,44.272321533203126,0.357844300866127,0.03641717503219843,-0.33544724868424236
1733902705873347600,44.28234765625,-0.008331775015592575,0.24128537536561487,-0.045142059284914285
1733902705883374300,44.292374267578126,-0.5924725564301013,0.34921617325246335,0.2514024263627827
1733902705893401600,44.30240161132812,-1.2667711631536482,0.3191732094272971,0.135438708542753
1733902705903428600,44.3124287109375,-1.1386913112074135,0.13056056284606457,-0.23867058975733815
1733902705913454600,44.32245458984375,-0.2959294042229652,-0.00248830968439579,0.029231062920391557
1733902705923481300,44.3324814453125,0.7239104866325855,0.02933715364336967,0.26717823377400635
1733902705933508600,44.34250854492188,1.2910808440238237,0.12028554480820894,0.40137711658980696
1733902705943535600,44.35253564453125,1.0710364096075295,0.12982757239639758,0.38668380718566475
1733902705953561600,44.3625615234375,-0.1005693292081356,0.2211220005199313,0.09509751020092516
1733902705963588400,44.37258837890625,-1.0833563774764536,0.36749504952579737,0.0033680699273012575
1733902705973615600,44.38261572265625,-0.9558709842920303,0.4422203279033303,0.15828591564493252
1733902705983642600,44.392642578125,-0.3711684773415327,0.27703970257490873,0.23793655812805517
1733902705993669600,44.40266967773437,0.02435936523079872,0.05772679730355739,0.22538446200368925
1733902706003695400,44.4126953125,0.18943419209718704,-0.0009343582406640053,0.2664157980341464
1733902706013722600,44.42272265625,0.3628548225045204,0.09526566984206437,0.32482867790572345
1733902706033148400,44.4421484375,0.4086439292550087,0.13886954150795935,0.20313774154530836
1733902706043175400,44.452175537109376,0.28069910186529157,0.10313654934763908,0.015938688089046627
1733902706053202700,44.46220263671875,0.2202139457643032,0.07283493458628654,-0.14451529230996965
1733902706063229400,44.4722294921875,0.08046645237803458,0.06798223385810852,-0.2962423974285833
1733902706073255400,44.48225537109375,-0.05856558621525764,0.0836266699746251,-0.4114247921451926
1733902706083282400,44.492282470703124,-0.07956511962413787,0.10071399837583303,-0.3737926153000444
1733902706093309700,44.50230981445313,-0.09153612792491912,0.06922989583164453,-0.32929515579529106
1733902706103336400,44.51233642578125,-0.0772153416275978,0.08291063065975904,-0.24907723481822758
1733902706113362400,44.52236254882813,0.0038648587346076964,0.09087386462390422,-0.12609321730681694
1733902706123389400,44.53238940429687,0.047535658156871795,0.10223784694224596,-0.07262327373013831
1733902706133416700,44.542416748046875,0.09787702138423919,0.0867071003332734,-0.054096815903903916
1733902706143443700,44.55244360351563,0.12055296357274055,0.06538286501467228,-0.06331858029547147
1733902706153470500,44.56247045898437,0.07794716303348541,0.08558920221924782,-0.07534975781827233
1733902706163496400,44.57249633789063,-0.010915361768007278,0.07139233456254004,-0.17380473435409366
1733902706173523500,44.5825234375,-0.09398644368648529,0.06897942820191383,-0.22338669404890388
1733902706183550700,44.59255078125,-0.1977086839675903,0.04352057729661465,-0.2677913241710514
1733902706193577500,44.60257739257813,-0.2669078924000263,0.03441957147419453,-0.3205727740269154
1733902706203603500,44.612603515625,-0.34186581048965453,0.021718787594139574,-0.3381466073034331
1733902706213630500,44.62263037109375,-0.389540000334382,0.06850976486355066,-0.26212701479904355
1733902706223657700,44.63265771484375,-0.3120294751524925,0.13280454238057135,-0.07857527746972627
1733902706233684500,44.6426845703125,-0.14380816695392132,0.1505415668621659,0.022385608339263126
1733902706243710500,44.65271044921875,0.06215922679305076,0.07025047105103731,0.0885628842677921
1733902706253737500,44.662737548828126,0.23401333853602407,-0.04675795178264379,0.07634708915939555
1733902706263764700,44.6727646484375,0.27351532784104343,-0.06786620626300573,-0.054404521013051266
1733902706273791500,44.68279150390625,0.1770224542915821,-0.01586304730325937,-0.15077838955903425
1733902706283819000,44.69281909179688,0.15412906996011733,0.02959258970916271,-0.18439086416773498
1733902706293845000,44.702844970703126,0.20430968966782093,0.0072875266596674915,-0.20990696168560533
1733902706303872000,44.7128720703125,0.2693120309323072,-0.001487315948307514,-0.26623616715092213
1733902706313899000,44.72289892578125,0.3238461696743965,-0.07070435229837894,-0.3088396296026185
1733902706323926000,44.732926025390626,0.3760825528681278,-0.16805705754756928,-0.31851533004045485
1733902706333952000,44.74295190429687,0.3324865722477436,-0.184229024669528,-0.34884094673190263
1733902706343979000,44.75297900390625,0.23347382483184337,-0.1392471426486969,-0.3962041709313169
1733902706354006000,44.76300610351562,0.07281155371069908,-0.1795978577375412,-0.42676304838936774
1733902706364033000,44.77303295898437,-0.0917331118017435,-0.17233488099724054,-0.4789988835938275
1733902706374060000,44.78306005859375,-0.18496376868486403,-0.16862404378056525,-0.5391146218605339
1733902706384086000,44.7930859375,-0.1931049895644188,-0.21274229470938444,-0.5283737398765981
1733902706394113000,44.80311303710938,-0.1471855344325304,-0.1620166083395481,-0.3697064784975722
1733902706404140000,44.81314013671875,-0.05108370602726936,-0.07719371431767941,-0.25080922797629607
1733902706414167000,44.8231669921875,0.0014916998624801634,-0.016120821456611156,-0.14199098886358552
1733902706424193000,44.83319311523437,0.05573650026917457,-0.005730944867432117,-0.0847087661229074
1733902706434220000,44.843219970703124,0.08830138378739356,0.04838146133124828,-0.021727610221412032
1733902706444247000,44.8532470703125,0.0911012436389923,0.16669921319782732,0.08394345343937165
1733902706454274000,44.86327416992187,0.018661445850133896,0.25537235290706156,0.1252463912191335
1733902706464301000,44.873301025390624,-0.02928454667329788,0.28549481170922514,0.14297755221552214
1733902706474327000,44.8833271484375,-0.029519524472951888,0.26984453037381173,0.23723146033231168
1733902706484354000,44.89335400390625,-0.010759878945350645,0.29027152459174393,0.33554164896942673
1733902706494381000,44.90338110351563,0.005793780970573425,0.3561500641688704,0.3993784170532599
1733902706504407800,44.91340771484375,0.0449123239159584,0.3754568221852183,0.453096672835201
1733902706514434000,44.92343408203125,0.03837503110170364,0.4005655444785952,0.5139196825884282
1733902706524461000,44.9334609375,0.0019873744249343872,0.3963108096435666,0.4090129086978733
1733902706534488000,44.943488037109375,0.01901975776851177,0.21579262219071388,0.163461089793127
1733902706544514800,44.95351489257813,-0.18727847536802292,0.10090016859769821,0.028450991059141232
1733902706554542000,44.9635419921875,-0.21919103245735166,0.06326426542550324,-0.14105654842453078
1733902706564568000,44.97356811523437,-0.2672726340591907,0.027020401133596897,-0.20027667129207402
1733902706574595000,44.98359497070312,-0.30451486173868175,-0.025453882469236848,-0.2206886140713468
1733902706584621800,44.993621826171875,-0.3413876715838909,-0.08230623502582311,-0.29151138685131445
1733902706594649000,45.00364916992187,-0.3191787623852491,-0.09709639240056275,-0.3695535894908011
1733902706604675000,45.01367504882813,-0.277757203194499,-0.157430741854012,-0.35380693510882555
1733902706614702000,45.0237021484375,-0.09434884725809096,-0.17754326329529285,-0.26952112537203354
1733902706624728800,45.03372875976562,0.07312953361868858,-0.1785360737249255,-0.20556341605596243
1733902706634756000,45.043756103515626,0.16474866365194318,-0.16189795039594174,-0.10093862831140868
1733902706644783000,45.053783203125,0.3145142777055502,-0.10142214664518832,-0.0541306725077331
1733902706654809000,45.06380908203125,0.37805823685526846,-0.11005582721680401,-0.033312103422638024
1733902706664835800,45.0738359375,0.35416882722377774,-0.09436813648045063,0.06413348144150804
1733902706674863000,45.083863037109374,0.34374504836499686,-0.06118365975916385,0.07096871602272149
1733902706684890000,45.09389013671875,0.34270401487946506,-0.045426995439827436,0.0308259811287513
1733902706694916900,45.10391674804688,0.3442962525069713,-0.03499678684026003,0.10158236957504413
1733902706704942800,45.11394287109375,0.31823066788017745,0.022530103977024554,0.1818665881208144
1733902706714970000,45.12397021484375,0.24302783511877057,0.09737228673249483,0.2510231447216123
1733902706724997000,45.1339970703125,0.1230079555094242,0.21597499302029607,0.2678425063690171
1733902706735023900,45.14402392578125,-0.07924830875992775,0.3238689660280943,0.289984926202707
1733902706745049900,45.1540498046875,-0.2884235586374998,0.43971009864807126,0.3505661996219307
1733902706755076900,45.16407690429688,-0.38588030878305435,0.5702443580090999,0.3403141240682453
1733902706765104000,45.17410424804687,-0.5564882198572159,0.6809446206092834,0.40511564553100615
1733902706775131000,45.184130859375,-0.5380559065878391,0.7883534404486418,0.5969845539618284
1733902706785156900,45.19415698242187,-0.4220756577581167,0.7471428936600685,0.6738975516419857
1733902706795183900,45.204183837890625,-0.3704980307340622,0.5388023410409689,0.5323127598259598
1733902706805211100,45.21421118164063,-0.45549686584472654,0.2346703411400318,0.3114589452555403
1733902706815238000,45.22423779296875,-0.5576724612057209,0.20513620361983775,0.12880847674803808
1733902706825265000,45.234264892578125,-0.499002830094099,0.2581593532770872,0.06305823059254326
1733902706835291000,45.24429077148437,-0.3870668882191181,0.3934598041266203,0.1329233007888775
1733902706845318100,45.254318115234376,-0.1769225010484457,0.4013800757318735,0.16797390930876135
1733902706855345000,45.26434497070313,0.06882043824791907,0.2689981426775455,0.014199333608429877
1733902706865372000,45.27437182617187,0.3601648527681827,-0.007756020954251289,-0.1605460060640238
1733902706875399200,45.284399169921876,0.48526247403323647,-0.21471768643558023,-0.28537891197828574
1733902706885425200,45.294425048828124,0.3921165728241205,-0.2146405295461416,-0.37135581660717726
1733902706895452000,45.304451904296876,0.06711831050515174,-0.07256722356081008,-0.4152996608171612
1733902706905479000,45.31447900390625,-0.3471691775947809,0.047321723145246505,-0.5328570227704942
1733902706915506000,45.324505859375,-0.5176221903681755,0.027763620716333388,-0.5589093825895339
1733902706925532200,45.3345322265625,-0.360367681863904,0.018245266264677047,-0.4867645491592586
1733902706935559000,45.344558837890624,-0.014013327783346175,-0.02470189505815506,-0.23521394649744032
1733902706945586000,45.3545859375,0.24510756400227546,-0.05572890148460865,0.017998780690319835
1733902706955613000,45.36461303710937,0.3759551270961761,-0.048054129073023796,0.11645064282044768
1733902706965639200,45.37463916015625,0.43133740710020063,-0.025257190853357314,0.19343075092006473
1733902706975666000,45.384666015625,0.3761053492218256,0.07384908006489277,0.27626685503888876
1733902706985693000,45.39469287109375,0.27403438327908514,0.19194646717905997,0.2772139448969625
1733902706995720000,45.40471997070313,0.24943068789839742,0.2123620632201433,0.2941954565698281
1733902707005747200,45.41474731445312,0.271643688750267,0.20473989777863025,0.30238113764561714
1733902707015773200,45.42477319335938,0.32344752574563024,0.23138299003243445,0.331431071845442
1733902707025800000,45.43480004882812,0.34114977117478845,0.22850305068194865,0.4446816765155643
1733902707035827000,45.444826904296875,0.3250122908443212,0.3355529740810394,0.600035648628138
1733902707045854200,45.45485424804688,0.4064069639831781,0.44099195515215395,0.8225938559636473
1733902707055880200,45.464880126953126,0.5471978289425373,0.5012579155445098,1.062546959812194
1733902707065907000,45.47490698242188,0.6266963130712508,0.5412175854891539,1.2143320969946683
1733902707075934000,45.48493383789062,0.7360287944495677,0.5777478655070066,1.1536096250064671
1733902707085961200,45.494961181640626,0.8313830193579197,0.43243104755580425,0.9820743699543177
1733902707095988000,45.50498803710938,0.908651552477479,0.38909810178577897,0.6774156427655369
1733902707106014000,45.515013916015626,0.947997474437952,0.41837504967451095,0.549549214374274
1733902707116041000,45.525041015625,1.1498211925089359,0.5936585513442755,0.23569559253454206
1733902707126068200,45.535068115234374,1.4718793097227811,0.5128238501757383,0.35598208719082175
1733902707136095000,45.545094970703126,1.7874562482237815,0.30129648421406746,0.6121221730673685
1733902707146121000,45.555120849609374,1.9562030416011809,0.3973410294741392,0.648600394104421
1733902707156148000,45.56514794921875,1.9721546439707278,0.4302022655904293,0.7161236321486533
1733902707166175000,45.57517504882812,1.9506477455615996,0.49309214474558827,1.0975612092439084
1733902707176202000,45.58520190429687,1.7478204034060238,0.7568143928468227,1.6584474448643625
1733902707186228000,45.59522802734375,1.5132202048927546,1.4026900381624698,2.256012940519303
1733902707196255000,45.6052548828125,1.0770330196738243,1.5450778169244528,2.428346944733709
1733902707206282000,45.61528198242188,0.5897539451211691,1.6102496695369481,2.4390368271827696
1733902707216309000,45.62530908203125,-0.0543453381717205,1.979786161762476,2.9729660092294212
1733902707226336000,45.6353359375,-0.9298363793253898,2.4047657242685556,4.061974128857255
1733902707236362000,45.64536206054687,-1.4533400289475917,2.9369974547475572,4.439963684390485
1733902707246389000,45.655388916015625,-1.813022651156783,3.125333914735913,4.152422461545467
1733902707256416000,45.665416015625,-1.8007295712947844,2.668855052116513,3.5761236258029934
1733902707266443000,45.67544311523437,-1.0463310074180363,1.5025614482343197,2.758230494876206
1733902707276469000,45.68546899414063,-0.18700258103609085,0.7278174309432506,1.8785959241770207
1733902707286495500,45.69549560546875,-0.3746282624065876,0.7758195375680923,1.809647329504788
1733902707296522500,45.7055224609375,-0.8537176007628441,1.1149375106543302,2.3751238885901866
1733902707306549200,45.71554931640625,-1.393256439384818,1.7273428480446338,3.154803170326352
1733902707316575200,45.7255751953125,-1.375270116317272,2.3491081344544886,2.8988004105612633
1733902707326602500,45.7356025390625,-1.066321071523428,2.309013439953327,1.7263221266947686
1733902707336629500,45.74562939453125,-1.0590250692963599,0.8803513406664133,0.8319938447326422
1733902707346656300,45.75565625,-0.23993629884421824,0.1623521239042282,-0.021379034245759248
1733902707356682200,45.76568212890625,0.21034137104749678,0.15614040978252886,-0.059036126336455344
1733902707366709500,45.77570947265625,-0.1151262623488903,0.17822306225299833,0.9007771658405661
1733902707376736500,45.78573657226563,-1.5227332986474036,0.9108657213956117,0.2795687826611101
1733902707386763300,45.79576318359375,-2.321190199959278,0.880012317970395,0.0323610315091908
1733902707396790300,45.80579028320312,-1.2919359995484352,0.8397194705486297,1.3937921536967157
1733902707406816500,45.81581640625,0.35869653378129,-0.05567746355831623,1.8743574098244309
1733902707416843500,45.825843505859375,1.3812597121208905,-0.6670815149515866,1.725768438334763
1733902707426870300,45.835870361328126,1.5799270119875668,-0.8313578849166631,1.9625939116820692
1733902707436897300,45.84589721679688,0.45425475682914257,0.56362347856462,1.2165727885935456
1733902707446923500,45.85592358398438,-0.6557873829990625,1.2883289149671793,1.062014606501162
1733902707456950500,45.86595043945312,-0.9839467396974563,1.2701684043765067,1.0256915394932031
1733902707466977300,45.875977294921874,-0.5190624523043632,1.5896318289220333,0.5102482275340706
1733902707477004300,45.88600439453125,-0.28670915593504903,2.010060303995013,-0.8345440406721085
1733902707487030300,45.8960302734375,0.15544775134325026,0.9074778325229883,-2.1748072140812873
1733902707497057500,45.9060576171875,0.030965631628036498,-0.9029191463053226,-3.8508945066630837
1733902707507084300,45.91608422851562,-0.2270277174323797,-1.066499935221672,-3.1767046210110186
1733902707517111300,45.926111328125,-0.3952589625030756,-1.8102298055678605,-2.1043542061954734
1733902707527137300,45.93613720703125,-1.836622137930989,-2.126838425204158,-0.03061857175603509
1733902707537164500,45.94616455078125,-3.091611093354225,-1.895713209325075,1.7512329883284865
1733902707547191300,45.95619140625,0.6566197421699762,4.204611498466134,1.9428017082363367
1733902707557218300,45.96621826171875,2.1865806539833543,1.3127671906530856,0.03789119310751557
1733902707567244300,45.97624438476562,2.3547803348720073,-0.6830395470619202,-1.4881930234029888
1733902707577271600,45.986271484375,1.8049053956747054,-0.5113859263271093,-2.3322889554701742
1733902707587298300,45.99629833984375,0.7306248895794153,-0.18394319346547125,-2.815168479889631
1733902707597325300,46.0063251953125,0.11900690317451953,-0.24329437710046767,-3.212597772169113
1733902707607351300,46.016351318359376,-0.0771241562128067,-0.211648361992836,-3.2303128770798444
1733902707617378600,46.02637866210937,-0.35689211470782756,-0.3067664400577545,-2.950385344108939
1733902707627405300,46.0364052734375,-0.6273807882040738,-0.6598053864687681,-2.6676722720727324
1733902707637432300,46.046432373046876,-0.8909335249572992,-0.870465321946144,-2.626267956277728
1733902707647459300,46.05645922851563,-1.1553110220968723,-0.7774106061518192,-2.7731244048863646
1733902707657485600,46.06648559570313,-1.3772984072744845,-0.7958493491619825,-2.9363609104096886
1733902707667512300,46.07651220703125,-1.4467255792438982,-0.8018412830531597,-3.032533465963602
1733902707677539300,46.086539306640624,-1.4051035290449856,-0.9953653748124838,-2.9310774170488116
1733902707687566300,46.09656640625,-1.410817230516672,-1.541087870505452,-2.746745516526699
1733902707697592300,46.10659228515625,-1.515274214813113,-1.8385797017395495,-2.550992642802
1733902707707619300,46.11661938476563,-1.7882196338117122,-2.0578110662072895,-2.276624497523904
1733902707717646300,46.12664624023437,-2.1725889535099268,-2.276462000438571,-2.0358640228152276
1733902707727673300,46.13667333984375,-2.565231596034765,-2.060734260177612,-1.9612749380379915
1733902707737699300,46.14669921875,-2.9182109212130305,-1.4871213025182484,-2.0235960773944854
1733902707747726300,46.156726318359375,-3.231225900271535,-0.9944628730148076,-2.183841876669228
1733902707757753300,46.16675341796875,-3.381782372441888,-0.5880529864221811,-2.1374697093337773
1733902707767780400,46.1767802734375,-3.2461773856878278,-0.2776391297727823,-2.0132094156756994
1733902707777806300,46.18680639648438,-2.98833659684062,-0.42330607633590694,-1.9747157266303896
1733902707787833300,46.19683325195312,-2.6500311091810462,-0.5908598605364561,-1.8534081452980637
1733902707797860400,46.2068603515625,-2.193437095749378,-0.6031739831864833,-1.6628484563022852
1733902707807887400,46.21688745117188,-1.6547446448236702,-0.44220425355136395,-1.3016732574477792
1733902707817913300,46.226913330078126,-0.9501642970830202,-0.3861912744283676,-0.8202116370022297
1733902707827940400,46.2369404296875,-0.23957447979450225,-0.5526660312205552,-0.4211252251654863
1733902707837967400,46.24696728515625,0.21310966671705245,-0.6119932494580745,-0.07594897495359182
1733902707847994400,46.256994384765626,0.44793549067974087,-0.4189648322612047,0.2489835286527872
1733902707858020400,46.267020263671874,0.6823293529659509,-0.2552870127111673,0.46534927455633873
1733902707868047400,46.27704736328125,0.8000164057135581,-0.34465865607857704,0.545023699773848
1733902707878074400,46.28707446289062,0.6896241861492395,-0.37185002986490723,0.6670841453000903
1733902707888101400,46.297101318359374,0.4570400036334991,-0.2677466813117266,0.7614461443006992
1733902707898127400,46.30712744140625,0.2532932085454464,-0.12755319772362708,0.8477256668716668
1733902707908154400,46.317154296875,0.01891512835025787,0.06891396175026893,0.9524456860184669
1733902707918181400,46.32718139648438,-0.11500526631772517,0.29223464135825633,1.0635971995174884
1733902707928208400,46.33720849609375,-0.09780044901669024,0.48632513482868667,1.0372899150893091
1733902707938234400,46.347234375,-0.028268647629022595,0.6037573360323906,0.882643835517764
1733902707948261400,46.35726147460937,0.16274784522354602,0.7971686150670051,0.6610872429728507
1733902707958288400,46.367288330078125,0.4665121808558702,0.8982996698111295,0.2801721553817391
1733902707968315400,46.3773154296875,0.6368167250692844,0.8103361396759748,-0.08396803075820207
1733902707978341400,46.38734130859375,0.6583773994922637,0.8050649212747811,-0.2818193380668759
1733902707988368400,46.39736840820313,0.6657301003426312,0.7589677714884281,-0.3871265094518661
1733902707998395400,46.4073955078125,0.6297977862179279,0.5719792189776897,-0.4301327074855566
1733902708008422400,46.41742236328125,0.6096195060640573,0.44429391930699347,-0.449229622143507
1733902708018448400,46.427448486328124,0.6451315489500761,0.34590777935683725,-0.5435913288831711
1733902708028475400,46.437475341796876,0.6322562852859497,0.21060440589785576,-0.7765583732366561
1733902708038502400,46.44750244140625,0.5841968955159187,0.22345161251127718,-1.0787746026441454
1733902708048529400,46.457529296875,0.5593471164196729,0.30655133600234985,-1.306820557208359
1733902708058555400,46.46755541992187,0.519887212690711,0.39604455992281434,-1.4321896888911723
1733902708068582400,46.47758251953125,0.4833160161405802,0.416390597859025,-1.4365607435822485
1733902708078609400,46.487609375,0.3788888424605131,0.4250070350348949,-1.36195763027966
1733902708088636400,46.49763647460937,0.18264204773902892,0.4406155230551958,-1.1577569539442658
1733902708098662400,46.50766235351563,-0.05799333928525448,0.43312312147319315,-0.903278335006535
1733902708108689400,46.517689453125,-0.27569793257713315,0.45886605001688,-0.648626697589457
1733902708118716400,46.52771630859375,-0.4341963036626577,0.46955052563846106,-0.37068186286836863
1733902708128743400,46.53774340820313,-0.5229892703592777,0.46002924857735633,-0.04819821371883154
1733902708138769400,46.547769287109375,-0.42278000663518905,0.4548030383616686,0.17366437603533266
1733902708148796400,46.55779638671875,-0.093136548858881,0.36218846755027767,0.25099896012842654
1733902708158823400,46.56782348632812,0.39630408764183517,0.3991366807192564,0.2817515335276723
1733902708168850400,46.577850341796875,0.9205880739867687,0.36951369587183,0.24652035340964792
1733902708178876400,46.58787646484375,1.2163555656462908,0.3385375428497791,0.23028379661887882
1733902708188903400,46.5979033203125,1.3331670046031474,0.32152561777234073,0.31434067470431326
1733902708198930200,46.60793017578125,1.2182359725654124,0.21167934165298938,0.3746574885010719
1733902708208957400,46.61795751953125,0.9032412178665399,0.0708282709389925,0.4203542407929897
1733902708218983400,46.6279833984375,0.4851321256518364,-0.009433598777651786,0.43537820692360396
1733902708229010400,46.638010498046874,0.06678162589669227,-0.14669979674220085,0.2952209636926651
1733902708239037200,46.648037109375,-0.3160153299182653,-0.2131909152597189,0.08996551760733128
1733902708249064400,46.658064453125,-0.6144079093843698,-0.1676467231810093,-0.09515051902979611
1733902708259090400,46.66809033203125,-0.7785311346143484,-0.12879706030488014,-0.29993893212527034
1733902708269117400,46.67811743164062,-0.8345546351313591,-0.031019407641887663,-0.46257571818977594
1733902708279144200,46.688144287109374,-0.7425994050115347,0.025092940202355384,-0.5938529048725962
1733902708289172000,46.698171875,-0.6023299335777759,-0.0660614949285984,-0.6511851499006152
1733902708299198000,46.70819799804688,-0.5048597394287586,-0.17389058600664137,-0.6000882921308278
1733902708309225000,46.71822485351562,-0.5017044902682304,-0.20083879868686197,-0.5123386970072984
1733902708319252000,46.728251953125,-0.5421954906105995,-0.25759470513164995,-0.47454205031543967
1733902708329279000,46.73827905273438,-0.5758353098839522,-0.2681283741056919,-0.4729828381747007
1733902708339305000,46.748304931640625,-0.5749556044399738,-0.23583003256916998,-0.5136351665586233
1733902708349332000,46.75833203125,-0.5362929885685443,-0.19387363584935663,-0.5676213160291314
1733902708359359000,46.76835888671875,-0.4330640847623348,-0.1487719268411398,-0.6306114406883716
1733902708369386000,46.778385986328125,-0.3022100919276476,-0.13053776649236679,-0.6350704659238458
1733902708379412000,46.78841186523437,-0.20328794540464876,-0.12289572730660438,-0.5654886879146098
1733902708389439000,46.79843896484375,-0.10919394969046116,-0.0954717138081789,-0.45452685176879165
1733902708399465700,46.8084658203125,0.0661444970369339,-0.12291034035384654,-0.3332148865222931
1733902708409493000,46.81849291992187,0.2163531786829233,-0.13417875334322452,-0.22196195847541092
1733902708419519000,46.82851904296875,0.2920440872222185,-0.09234685978591442,-0.13816928428411482
1733902708429546000,46.8385458984375,0.31200024905800816,-0.032519290810823435,-0.08804127154648303
1733902708439572700,46.84857275390625,0.29531507171690463,0.048608255824446674,-0.03942775502502918
1733902708449600000,46.85860009765625,0.2672176890015602,0.17929039922356604,-0.03407674938589334
1733902708459626000,46.8686259765625,0.21416239064037798,0.20621640007197856,-0.015478724160790443
1733902708469653000,46.87865307617187,0.0916331585586071,0.22536592170000075,-0.024039339496195314
1733902708479679700,46.8886796875,-0.04732230766713619,0.23278233543634413,-0.041514498171210286
1733902708489707000,46.89870703125,-0.12154372817575931,0.158238258844614,-0.06206687233448028
1733902708499733000,46.90873291015625,-0.1751537378102541,0.0630851094663143,-0.08373568330705165
1733902708509760000,46.91876000976563,-0.26119009927511216,-0.03159048552811146,-0.0973167571529746
1733902708519786800,46.92878686523437,-0.36697336373925205,-0.12969547044932841,-0.12085837626010179
1733902708529814000,46.93881396484375,-0.48215223305821414,-0.17987375206947326,-0.10984656838029623
1733902708539840000,46.94884008789062,-0.5583943457394838,-0.20989713441133498,-0.13953180480897426
1733902708549867000,46.958866943359375,-0.5413444267392158,-0.18378712612092493,-0.1555485813692212
1733902708559893800,46.96889379882813,-0.43311318460106846,-0.18690496588051317,-0.24100626616328955
1733902708569921000,46.97892114257812,-0.27161913883090016,-0.23120120372474193,-0.3320408743068576
1733902708579947000,46.98894702148438,-0.13019874379634858,-0.15911387263536453,-0.42028555947095153
1733902708589974000,46.99897412109375,-0.006829553759098053,-0.11987842531204224,-0.5176414795905351
1733902708600000800,47.009000732421875,0.09985971963405608,-0.06727671593725681,-0.5877282845124602
1733902708610028000,47.01902807617188,0.08333002511560916,-0.026008886003494262,-0.6142027422010898
1733902708620054000,47.029053955078126,-0.026711481314897537,0.0033744448691606518,-0.592598228636384
1733902708630081000,47.0390810546875,-0.1611883408218622,0.04989712659120559,-0.5393953384980559
1733902708640107800,47.04910766601562,-0.25939444802999495,0.07576748090684414,-0.49838528271764515
1733902708650134800,47.059134765625,-0.31545711151361466,0.02172083342075348,-0.47069385045468803
1733902708660161000,47.0691611328125,-0.2968365821957588,-0.01825461861491203,-0.42750031315535303
1733902708670188000,47.07918798828125,-0.2538204472899437,-0.029787820020318028,-0.3699284141525626
1733902708680214800,47.08921484375,-0.17978198213279245,0.014465747725963592,-0.2978229628846049
1733902708690241800,47.09924169921875,-0.04582768519520759,0.061438511303067204,-0.2603358205333352
1733902708700268000,47.10926806640625,0.10913199037015438,0.11679857947528362,-0.21486060203760862
1733902708710295000,47.119294921875,0.2650947054982185,0.17925883504152296,-0.1350467683494091
1733902708720321800,47.12932177734375,0.4170610444664955,0.20633856514692306,-0.10725362927764653
1733902708730348800,47.13934887695312,0.4741296701222658,0.19633388848304748,-0.09480769694149493
1733902708740374800,47.14937475585938,0.4769271918863058,0.20493863522112368,-0.10716858134269713
1733902708750402000,47.15940209960937,0.40753041505515575,0.21001929948627948,-0.15625380702912806
1733902708760428800,47.1694287109375,0.21335633495450018,0.1909083563029766,-0.1895034579411149
1733902708770455800,47.17945581054688,-0.05155950684547424,0.18537410305142402,-0.24035218616873025
1733902708780481800,47.189481689453125,-0.2848743417233229,0.19596271708309648,-0.24071283617466688
1733902708790509000,47.19950903320313,-0.3928396264016628,0.17807985439002513,-0.23020050224959848
1733902708800535800,47.20953588867187,-0.3736678929418325,0.11552549079954623,-0.20453326929062604
1733902708810562800,47.219562744140624,-0.2888420763105154,0.03234159615635872,-0.21308803940713406
1733902708820588800,47.2295888671875,-0.2774772172093391,-0.08550736915469169,-0.2987462152093649
1733902708830616000,47.239615966796876,-0.386231606438756,-0.07840484367311,-0.3340335094287991
1733902708840642800,47.24964282226563,-0.524063037070632,-0.004067687830328941,-0.3170195385247469
1733902708850669800,47.259669921875,-0.6017991877019405,0.039780806246399875,-0.3419657637327909
1733902708860695800,47.26969580078125,-0.645443099117279,0.06494564264118671,-0.35324674394279715
1733902708870723000,47.27972314453125,-0.6166665019661188,0.09672259065210818,-0.40160160952806473
1733902708880749800,47.289749755859376,-0.6362292805701494,0.07724106059074401,-0.4555810369968414
1733902708890776800,47.29977685546875,-0.6829980460077524,0.05120353301465511,-0.5101806421905756
1733902708900802800,47.309802734375,-0.7305611766934395,0.005556465083360672,-0.6276648658424615
1733902708910830000,47.319830078125,-0.7494593539088964,-0.08515197984576225,-0.7741706013172864
1733902708920856800,47.32985693359375,-0.7663947066187858,-0.18923194752335548,-0.9294339360043405
1733902708930883800,47.3398837890625,-0.7457236745119095,-0.24277181453108787,-0.9675722357407212
1733902708940909800,47.349909912109375,-0.6226800631672144,-0.3314011150985956,-0.9493629175722599
1733902708950937000,47.35993701171875,-0.33663200148940087,-0.4288672175943851,-0.8675874284222721
1733902708960963800,47.3699638671875,0.06667991908788681,-0.541741317102313,-0.6233347276836634
1733902708970990800,47.379990966796875,0.3624158465653658,-0.722128279390931,-0.3493430145025253
1733902708981016800,47.39001684570312,0.49098961950838566,-0.7822142070412635,-0.1215004735559225
1733902708991043800,47.4000439453125,0.308501885548234,-0.6949737304836511,-0.031949966490268704
1733902709001071000,47.41007104492188,-0.16927812377512455,-0.6928834802061319,-0.0163324183806777
1733902709011097900,47.42009790039062,-0.5798369467407465,-0.5322732315331697,-0.0018175708159804344
1733902709021123800,47.43012377929688,-0.8506307406634092,-0.3745797470897436,-0.07490969503372907
1733902709031150800,47.44015087890625,-0.9427315167337655,-0.27444880929887294,-0.19132628945410252
1733902709041178000,47.45017822265625,-0.8954793516933918,-0.18377192855179308,-0.3748439509838819
1733902709051204900,47.46020483398438,-0.8779191450834274,-0.09070435327589511,-0.5243573438420891
1733902709061230800,47.47023095703125,-0.9370639924913644,-0.14640344414412976,-0.6551371023967861
1733902709071257900,47.4802578125,-1.0063736755609511,-0.27295009517371654,-0.7669169769272208
1733902709081285000,47.49028515625,-1.1535884360879658,-0.26658406727313994,-0.7724392474800348
1733902709091311000,47.50031103515625,-1.2322697586148976,-0.3585071486890316,-0.8264651444390416
1733902709101337900,47.510337890625,-1.211776421162486,-0.35359131959676743,-0.8781126218289136
1733902709111364900,47.52036474609375,-1.1250813035279512,-0.40834874570071694,-0.9639180971473454
1733902709121392000,47.53039208984375,-1.0499813466191292,-0.4594184232026338,-1.1912345683932304
1733902709131419000,47.5404189453125,-1.0053928478300571,-0.39178690247833725,-1.3965458363190293
1733902709141444900,47.55044482421875,-0.9274000920891762,-0.3123702514141798,-1.6077067070558666
1733902709151471900,47.560471923828125,-0.7307786188364028,-0.18069734341204166,-1.8757701992318032
1733902709161499100,47.5704990234375,-0.548863716328144,-0.012167407655715941,-2.043697785180807
1733902709171526000,47.58052587890625,-0.37043899402320385,0.13185118717849253,-1.9971236655324696
1733902709181551900,47.5905517578125,-0.26916239332854747,0.3080471275180578,-1.9125091535642742
1733902709191579000,47.60057885742187,0.11745032138228416,0.46456396939754485,-1.8192089385762809
1733902709201606100,47.610606201171876,0.7433791572123766,0.5438759910434484,-1.6086320052072405
1733902709211633000,47.6206328125,1.2496049242973326,0.46876785082817074,-1.4306263850972056
1733902709221659000,47.630658935546876,1.5778297474473715,0.5244517441272736,-1.2139485045045613
1733902709231686000,47.64068579101563,1.7406448126882315,0.7113795063614845,-1.012793479475379
1733902709241713000,47.650712890625,1.8934411727398632,0.6798983264267444,-0.7668216998592019
1733902709251740000,47.660739990234376,2.2565683824449776,0.9496458261668681,-0.44225832182615993
1733902709261766000,47.670765869140624,2.503563952150941,1.2354612481325864,-0.5080787014752626
1733902709271793000,47.68079296875,2.505221071708202,1.2747533940792084,-0.8161310896903275
1733902709281820000,47.69081982421875,2.3863281503021714,1.4665397022604942,-1.1007535024791955
1733902709291846400,47.70084643554687,2.175798563206196,1.5661732119232414,-1.3907771897897123
1733902709301872000,47.7108720703125,1.426330441468954,1.010057332509756,-0.8686997735783457
1733902709311899100,47.72089916992188,-3.0161072318196296,-0.3633382221072912,5.422257688444852
1733902709321926400,47.730926513671875,-2.9570372032135723,-0.659371086704731,5.199828989240527
1733902709331953400,47.74095336914063,-0.9059984076201916,0.6771230164945126,1.8495947244897484
1733902709341979400,47.7509794921875,-0.5736947907239198,0.23378069882392882,-0.19877631319910286
1733902709352006100,47.761006103515626,-0.2737649186879396,-0.35107553738355635,-0.6207917652025818
1733902709362033400,47.77103344726562,-0.2795201212137937,0.15221066911816597,-0.6615601211816072
1733902709372060400,47.781060302734375,-0.274420752248168,0.5026017313688993,-0.33246874433010815
1733902709382086400,47.79108642578125,-0.1667529892116785,0.3844920692950487,-0.1529056656450033
1733902709392113200,47.801113037109374,-0.09422726670503616,0.2708393866300583,-0.2969441342234611
1733902709402140200,47.81114013671875,0.060329088756442065,0.14319617253541947,0.4099158488869667
1733902709412167400,47.82116748046875,0.08730769657492637,-0.041594577670097346,0.8503355571091175
1733902709422193400,47.831193359375,0.05620762491226196,-0.08452887951135635,0.7256365797728299
1733902709432220200,47.84122021484375,-0.16200257981419564,0.14904665212929247,0.6025494215473532
1733902709442247200,47.8512470703125,-0.4140104247242212,0.2595236273676157,0.4208160130858421
1733902709452274400,47.8612744140625,-0.18267887261807916,0.09371230292022227,0.03891132993549108
1733902709462300400,47.87130053710938,-0.10696809033453464,0.07790332389175891,-0.15338409681171178
1733902709472327200,47.8813271484375,0.08245850297808646,0.25912965961396695,-0.060087388955056664
1733902709482354200,47.89135424804687,0.4615899220228195,0.1727308945775032,-0.06670388448536396
1733902709492381400,47.90138134765625,0.5641232447803021,0.10664835686087608,0.15805939514636994
1733902709502407400,47.911407470703125,0.654648734357953,0.19307927060127258,0.37901422240585086
1733902709512434200,47.92143408203125,0.7638011829942465,0.10423661954402923,0.461669124738872
1733902709522461200,47.93146118164063,0.7241624155670404,0.045185295638442036,0.557258327446878
1733902709532488400,47.941488525390625,0.5905407115846872,-0.030011107382178305,0.5558657040446996
1733902709542514400,47.95151440429687,0.47856268413364883,-0.17431553342044354,0.4033025682270527
1733902709552541200,47.961541259765625,0.42252573961317536,0.04277238927781581,0.41134339747205373
1733902709562568200,47.971568115234376,0.3175017690837383,-0.06021043081283569,0.28755685880556703
1733902709572595500,47.98159545898437,0.19852993722259998,-0.390987276533246,-0.07095978836417198
1733902709582621400,47.99162133789063,-0.00779518392086029,0.36663784817457196,-0.0645689182832837
1733902709592648200,48.00164819335937,-0.057904491958022115,0.35011750600636005,0.11905205749049783
1733902709602675200,48.01167529296875,0.1602349856197834,0.2065413942426443,0.6251251182317733
1733902709612702500,48.02170239257813,0.33118484199941156,0.2734802565276623,0.6016605098836123
1733902709622728400,48.031728515625,0.39191900442540645,0.2299953350663185,0.533878328642249
1733902709632755200,48.04175512695313,0.285944601303339,0.32482407479584213,0.4700178508892655
1733902709642782200,48.0517822265625,-0.1087561427950859,0.37262510589063164,0.37536183737814427
1733902709652809200,48.061809326171876,-0.4120838405758142,0.4708779748499393,0.39004780372604725
